date,hour,symbol,underlying,type,strike,open,high,low,close,volume_contracts,volume_usdt,best_bid_price,best_ask_price,best_bid_qty,best_ask_qty,best_buy_iv,best_sell_iv,mark_price,mark_iv,delta,gamma,vega,theta,openinterest_contracts,openinterest_usdt,timestamp,strike_price,spot_price
2023-06-07,9,BTC-230825-26000-C,BTCUSDT,C,230825-26000,1680.0,1680.0,1680.0,1680.0,2.63,2.63,2045.0,2270.0,4.92,15.0,,0.4139924,2157.0,0.39066464,0.57720447,8.133e-05,48.22632272,-11.9368423,17.33,458970.18471107,2023-06-07 09:00:00+00:00,26000,26486.28
2023-06-07,10,BTC-230825-26000-C,BTCUSDT,C,230825-26000,1680.0,1680.0,1680.0,1680.0,2.63,2.63,2105.0,2285.0,2.46,15.0,,0.40508986,2194.0,0.38641214,0.58550809,8.158e-05,48.18583057,-11.80322495,17.33,460880.43980215,2023-06-07 10:00:00+00:00,26000,26595.74
2023-06-07,11,BTC-230825-26000-C,BTCUSDT,C,230825-26000,1680.0,1680.0,1680.0,1680.0,2.63,2.63,2300.0,2520.0,3.55,16.5,,0.41822493,2409.0,0.39531082,0.60800066,7.779e-05,48.00843591,-12.03694588,17.33,465252.83346215,2023-06-07 11:00:00+00:00,26000,26896.14
2023-06-07,12,BTC-230825-26000-C,BTCUSDT,C,230825-26000,1680.0,1680.0,1680.0,1680.0,2.63,2.63,2250.0,2500.0,3.6,16.5,,0.4245007,2374.0,0.3984946,0.60135344,7.778e-05,48.06851388,-12.15549718,17.33,464197.07060661,2023-06-07 12:00:00+00:00,26000,26802.35
2023-06-07,13,BTC-230825-26000-C,BTCUSDT,C,230825-26000,1680.0,1680.0,1680.0,1680.0,2.63,2.63,2245.0,2445.0,2.46,16.5,,0.41159511,2344.0,0.39077282,0.60292534,7.922e-05,48.02781069,-11.91616523,17.33,465220.88079339,2023-06-07 13:00:00+00:00,26000,26818.62
2023-06-07,14,BTC-230825-26000-C,BTCUSDT,C,230825-26000,1680.0,1680.0,1680.0,1680.0,0.0,0.0,2040.0,2245.0,4.31,16.5,,0.41525722,2142.0,0.39397657,0.5731671,8.106e-05,48.16669945,-12.05498033,17.33,457698.83665554,2023-06-07 14:00:00+00:00,26000,26443.57
2023-06-07,15,BTC-230825-26000-C,BTCUSDT,C,230825-26000,1680.0,1680.0,1680.0,1680.0,0.0,0.0,2015.0,2205.0,3.21,16.5,,0.41895509,2110.0,0.39922208,0.5650862,8.061e-05,48.14291507,-12.21591843,17.33,456185.21134893,2023-06-07 15:00:00+00:00,26000,26349.52
2023-06-07,16,BTC-230825-26000-C,BTCUSDT,C,230825-26000,1680.0,1680.0,1680.0,1680.0,0.0,0.0,2020.0,2230.0,5.71,15.0,,0.42610765,2125.0,0.40428877,0.56394332,7.971e-05,48.12413555,-12.3726834,17.33,456358.54600893,2023-06-07 16:00:00+00:00,26000,26329.16
2023-06-07,17,BTC-230825-26000-C,BTCUSDT,C,230825-26000,1680.0,1680.0,1680.0,1680.0,0.0,0.0,2035.0,2245.0,5.98,16.5,,0.40816188,2139.0,0.38634121,0.57831817,8.233e-05,48.12040525,-11.82877607,17.33,459651.45039288,2023-06-07 17:00:00+00:00,26000,26507.04
2023-06-07,18,BTC-230825-26000-C,BTCUSDT,C,230825-26000,1680.0,1680.0,1680.0,1680.0,0.0,0.0,2045.0,2260.0,4.99,16.5,,0.41582823,2152.0,0.39348543,0.57519996,8.11e-05,48.11451637,-12.05242964,17.33,458683.30994288,2023-06-07 18:00:00+00:00,26000,26472.94
2023-06-07,19,BTC-230825-26000-C,BTCUSDT,C,230825-26000,1680.0,1680.0,1680.0,1680.0,0.0,0.0,2015.0,2245.0,3.33,16.5,,0.4110074,2129.0,0.3870979,0.57650462,8.236e-05,48.09861956,-11.85915391,17.33,459070.33010475,2023-06-07 19:00:00+00:00,26000,26482.42
2023-06-07,20,BTC-230825-26000-C,BTCUSDT,C,230825-26000,1680.0,1680.0,1680.0,1680.0,0.0,0.0,1945.0,2160.0,2.57,16.5,,0.4085654,2052.0,0.38620949,0.56595631,8.337e-05,48.08615157,-11.8351515,17.33,456918.67856661,2023-06-07 20:00:00+00:00,26000,26359.93
2023-06-07,21,BTC-230825-26000-C,BTCUSDT,C,230825-26000,1680.0,1680.0,1680.0,1680.0,0.0,0.0,1855.0,2070.0,3.71,16.5,,0.4146564,1962.0,0.39225608,0.54844422,8.33e-05,47.99072607,-12.0029658,17.33,453541.59797135,2023-06-07 21:00:00+00:00,26000,26156.0
2023-06-07,22,BTC-230825-26000-C,BTCUSDT,C,230825-26000,1680.0,1680.0,1680.0,1680.0,0.0,0.0,1925.0,2165.0,3.81,16.5,,0.42005122,2045.0,0.39506942,0.55894889,8.204e-05,48.03561452,-12.10679399,17.33,455402.55526424,2023-06-07 22:00:00+00:00,26000,26275.9
2023-06-07,23,BTC-230825-26000-C,BTCUSDT,C,230825-26000,1680.0,1680.0,1680.0,1680.0,0.0,0.0,1975.0,2210.0,2.65,16.5,,0.42139649,2092.0,0.39693803,0.56466993,8.128e-05,48.04121132,-12.17194517,17.33,456559.77839288,2023-06-07 23:00:00+00:00,26000,26339.34
2023-06-08,0,BTC-230825-26000-C,BTCUSDT,C,230825-26000,1680.0,1680.0,1680.0,1680.0,0.0,0.0,2060.0,2270.0,4.9,16.5,,0.42823374,2165.0,0.40637404,0.56875142,7.913e-05,48.0336789,-12.46597369,17.33,457348.13659763,2023-06-08 00:00:00+00:00,26000,26390.01
2023-06-08,1,BTC-230825-26000-C,BTCUSDT,C,230825-26000,1680.0,1680.0,1680.0,1680.0,0.0,0.0,2060.0,2295.0,4.9,15.0,,0.42708993,2177.0,0.40262371,0.57303084,7.957e-05,48.02617651,-12.35557485,17.33,458196.36582627,2023-06-08 01:00:00+00:00,26000,26443.6
2023-06-08,2,BTC-230825-26000-C,BTCUSDT,C,230825-26000,1680.0,1680.0,1680.0,1680.0,0.0,0.0,2025.0,2250.0,5.88,15.0,,0.42489648,2137.0,0.40146321,0.56827517,8.017e-05,48.00891702,-12.32209372,17.33,457199.42456661,2023-06-08 02:00:00+00:00,26000,26386.51
2023-06-08,3,BTC-230825-26000-C,BTCUSDT,C,230825-26000,1680.0,1680.0,1680.0,1680.0,0.0,0.0,1950.0,2190.0,3.89,15.0,,0.41747987,2070.0,0.39247543,0.5647099,8.228e-05,47.99233094,-12.0484911,17.33,456486.79956215,2023-06-08 03:00:00+00:00,26000,26344.17
2023-06-08,4,BTC-230825-26000-C,BTCUSDT,C,230825-26000,1680.0,1680.0,1680.0,1680.0,0.0,0.0,2005.0,2230.0,4.02,15.0,,0.41914463,2117.0,0.39570034,0.56944205,8.129e-05,47.98635477,-12.15245508,17.33,457559.76533107,2023-06-08 04:00:00+00:00,26000,26400.97
2023-06-08,5,BTC-230825-26000-C,BTCUSDT,C,230825-26000,1680.0,1680.0,1680.0,1680.0,0.0,0.0,2170.0,2200.0,1.0,15.0,,0.41561663,2185.0,0.41248947,0.56791143,7.812e-05,47.96580311,-12.66940215,17.33,457113.30216893,2023-06-08 05:00:00+00:00,26000,26377.51
2023-06-08,6,BTC-230825-26000-C,BTCUSDT,C,230825-26000,1680.0,1680.0,1680.0,1680.0,0.0,0.0,2185.0,2230.0,1.0,15.0,,0.41609287,2207.0,0.41140139,0.57176577,7.807e-05,47.96023,-12.64126156,17.33,458088.00683785,2023-06-08 06:00:00+00:00,26000,26427.34
2023-06-08,7,BTC-230825-26000-C,BTCUSDT,C,230825-26000,1680.0,1680.0,1680.0,1680.0,0.0,0.0,1975.0,2230.0,3.86,15.0,,0.41410327,2102.0,0.38751185,0.57313103,8.279e-05,47.94887387,-11.91073976,17.33,458265.53535785,2023-06-08 07:00:00+00:00,26000,26444.69
2023-06-08,8,BTC-230825-26000-C,BTCUSDT,C,230825-26000,1680.0,1680.0,1680.0,1680.0,0.0,0.0,2185.0,2210.0,1.0,15.0,,0.41032791,2197.0,0.40772051,0.57293117,7.873e-05,47.93621257,-12.53526924,17.33,458294.52652215,2023-06-08 08:00:00+00:00,26000,26441.54
2023-06-08,9,BTC-230825-26000-C,BTCUSDT,C,230825-26000,1680.0,1680.0,1680.0,1680.0,0.0,0.0,2140.0,2195.0,1.0,15.0,,0.41398942,2167.0,0.40825039,0.56851209,7.897e-05,47.91774325,-12.55343393,17.33,457394.20221339,2023-06-08 09:00:00+00:00,26000,26385.06
2023-06-08,10,BTC-230825-26000-C,BTCUSDT,C,230825-26000,1680.0,1680.0,1680.0,1680.0,0.0,0.0,2205.0,2215.0,1.0,15.0,,0.40663123,2209.0,0.40558755,0.57619184,7.893e-05,47.9105331,-12.47634866,17.33,458996.78818661,2023-06-08 10:00:00+00:00,26000,26484.77
2023-06-08,11,BTC-230825-26000-C,BTCUSDT,C,230825-26000,1680.0,1680.0,1680.0,1680.0,0.0,0.0,2175.0,2215.0,1.0,15.0,,0.41290283,2195.0,0.40872753,0.57214398,7.865e-05,47.89712745,-12.57614873,17.33,458140.42046,2023-06-08 11:00:00+00:00,26000,26432.0
2023-06-08,12,BTC-230825-26000-C,BTCUSDT,C,230825-26000,1680.0,1680.0,1680.0,1680.0,0.0,0.0,2190.0,2255.0,1.0,16.5,,0.41655421,2222.0,0.40976703,0.575298,7.824e-05,47.88543572,-12.61180714,17.33,459415.25868014,2023-06-08 12:00:00+00:00,26000,26462.9
2023-06-08,13,BTC-230825-26000-C,BTCUSDT,C,230825-26000,1680.0,1680.0,1680.0,1680.0,0.0,0.0,1975.0,2195.0,4.62,15.0,,0.41266143,2085.0,0.38968295,0.56952213,8.274e-05,47.87209433,-11.99674347,17.33,457580.13165712,2023-06-08 13:00:00+00:00,26000,26400.93
2023-06-08,14,BTC-230825-26000-C,BTCUSDT,C,230825-26000,1680.0,1680.0,1680.0,1680.0,0.0,0.0,2170.0,2390.0,5.16,16.5,,0.42407632,2279.0,0.4010734,0.58898506,7.889e-05,47.82175747,-12.34103924,17.33,461546.56302091,2023-06-08 14:00:00+00:00,26000,26648.55
2023-06-08,15,BTC-230825-26000-C,BTCUSDT,C,230825-26000,1680.0,1680.0,1680.0,1680.0,0.0,0.0,2315.0,2375.0,1.0,15.0,,0.41133761,2344.0,0.40505856,0.59495649,7.762e-05,47.77862111,-12.45910089,17.33,463144.71657698,2023-06-08 15:00:00+00:00,26000,26721.68
2023-06-08,16,BTC-230825-26000-C,BTCUSDT,C,230825-26000,1680.0,1680.0,1680.0,1680.0,0.0,0.0,2185.0,2220.0,1.0,15.0,,0.40661454,2202.0,0.40295601,0.57734159,7.949e-05,47.83206876,-12.41495437,17.33,459119.2451406,2023-06-08 16:00:00+00:00,26000,26498.4
2023-06-08,17,BTC-230825-26000-C,BTCUSDT,C,230825-26000,1680.0,1680.0,1680.0,1680.0,0.0,0.0,2160.0,2195.0,1.0,15.0,,0.40318847,2177.0,0.39952904,0.5762506,8.028e-05,47.81971035,-12.31279921,17.33,458897.92199666,2023-06-08 17:00:00+00:00,26000,26485.0
2023-06-08,18,BTC-230825-26000-C,BTCUSDT,C,230825-26000,1680.0,2190.0,1680.0,2190.0,15.0,15.0,2045.0,2250.0,3.4,15.0,,0.40673971,2147.0,0.38529009,0.58194679,8.282e-05,47.78793715,-11.87246578,20.09,533412.8706307,2023-06-08 18:00:00+00:00,26000,26550.0
2023-06-08,19,BTC-230825-26000-C,BTCUSDT,C,230825-26000,1680.0,2190.0,1680.0,2190.0,15.0,15.0,2010.0,2235.0,2.14,15.0,,0.40482879,2122.0,0.38128018,0.58130338,8.377e-05,47.77474752,-11.75197535,20.09,533259.00772298,2023-06-08 19:00:00+00:00,26000,26539.9
2023-06-08,20,BTC-230825-26000-C,BTCUSDT,C,230825-26000,1680.0,2190.0,1680.0,2190.0,15.0,15.0,2140.0,2375.0,2.72,16.5,,0.42214632,2257.0,0.39753377,0.58881152,7.974e-05,47.7418958,-12.25111126,20.09,535361.08403082,2023-06-08 20:00:00+00:00,26000,26637.3
2023-06-08,21,BTC-230825-26000-C,BTCUSDT,C,230825-26000,1680.0,2190.0,1680.0,2190.0,15.0,15.0,2115.0,2340.0,5.73,1.5,,0.42319536,2227.0,0.39963603,0.5833683,7.978e-05,47.75316064,-12.32543425,20.09,533877.73556918,2023-06-08 21:00:00+00:00,26000,26573.42
2023-06-08,22,BTC-230825-26000-C,BTCUSDT,C,230825-26000,1680.0,2190.0,1680.0,2190.0,15.0,15.0,2085.0,2335.0,4.92,1.5,,0.42574883,2209.0,0.39956808,0.58108601,8e-05,47.74679965,-12.32833231,20.09,533317.84051532,2023-06-08 22:00:00+00:00,26000,26544.38
2023-06-08,23,BTC-230825-26000-C,BTCUSDT,C,230825-26000,1680.0,2190.0,1680.0,2190.0,15.0,15.0,2050.0,2285.0,4.79,16.5,,0.42078853,2167.0,0.39617568,0.57756176,8.099e-05,47.73994971,-12.22849418,20.09,532388.40205386,2023-06-08 23:00:00+00:00,26000,26498.61
2023-06-09,0,BTC-230825-26000-C,BTCUSDT,C,230825-26000,1680.0,2190.0,1680.0,2190.0,15.0,15.0,2015.0,2240.0,2.06,16.5,,0.41663051,2127.0,0.39306045,0.57411078,8.192e-05,47.73045773,-12.13646502,20.09,531507.98098471,2023-06-09 00:00:00+00:00,26000,26456.95
2023-06-09,1,BTC-230825-26000-C,BTCUSDT,C,230825-26000,1680.0,2190.0,1680.0,2190.0,15.0,15.0,2155.0,2220.0,1.0,16.5,,0.40657759,2187.0,0.39976597,0.5780621,8.026e-05,47.71439347,-12.34601155,20.09,532720.04159237,2023-06-09 01:00:00+00:00,26000,26504.21
2023-06-09,2,BTC-230825-26000-C,BTCUSDT,C,230825-26000,1680.0,2190.0,1680.0,2190.0,15.0,15.0,2115.0,2175.0,1.0,15.0,,0.40295362,2144.0,0.39666504,0.57427995,8.121e-05,47.70501141,-12.25444615,20.09,531689.11551535,2023-06-09 02:00:00+00:00,26000,26457.51
2023-06-09,3,BTC-230825-26000-C,BTCUSDT,C,230825-26000,1680.0,2190.0,1680.0,2190.0,15.0,15.0,2130.0,2170.0,1.0,15.0,,0.39902806,2149.0,0.39483428,0.57630831,8.145e-05,47.68985708,-12.20059669,20.09,532223.65743079,2023-06-09 03:00:00+00:00,26000,26483.7
2023-06-09,4,BTC-230825-26000-C,BTCUSDT,C,230825-26000,1680.0,2190.0,1680.0,2190.0,15.0,15.0,2135.0,2165.0,1.0,15.0,,0.39734304,2149.0,0.39419681,0.57681871,8.156e-05,47.67605936,-12.18395307,20.09,532334.38203076,2023-06-09 04:00:00+00:00,26000,26491.38
2023-06-09,5,BTC-230825-26000-C,BTCUSDT,C,230825-26000,1680.0,2190.0,1680.0,2190.0,15.0,15.0,2135.0,2165.0,1.0,15.0,,0.39578438,2149.0,0.39263725,0.57796602,8.182e-05,47.66064055,-12.13838281,20.09,532467.5699,2023-06-09 05:00:00+00:00,26000,26504.54
2023-06-09,6,BTC-230825-26000-C,BTCUSDT,C,230825-26000,1680.0,2190.0,1680.0,2190.0,15.0,15.0,2125.0,2170.0,1.0,15.0,,0.3982085,2147.0,0.39348632,0.57709969,8.173e-05,47.64958096,-12.16838647,20.09,532270.61504623,2023-06-09 06:00:00+00:00,26000,26492.93
2023-06-09,7,BTC-230825-26000-C,BTCUSDT,C,230825-26000,1680.0,2190.0,1680.0,2190.0,15.0,15.0,2130.0,2190.0,1.0,1.0,,0.4024601,2159.0,0.39616287,0.57710252,8.12e-05,47.63742695,-12.25466028,20.09,532243.99248459,2023-06-09 07:00:00+00:00,26000,26493.43
2023-06-09,8,BTC-230825-26000-C,BTCUSDT,C,230825-26000,2190.0,2190.0,2190.0,2190.0,15.0,15.0,2120.0,2365.0,3.12,1.5,,0.42119622,2242.0,0.39545059,0.58909354,8.04e-05,47.58295992,-12.2252562,20.09,535144.0259307,2023-06-09 08:00:00+00:00,26000,26642.37
2023-06-09,9,BTC-230825-26000-C,BTCUSDT,C,230825-26000,2190.0,2190.0,2190.0,2190.0,15.0,15.0,2095.0,2325.0,3.6,16.5,,0.41334689,2209.0,0.38916796,0.5890895,8.173e-05,47.56381132,-12.03270166,20.09,535179.32472307,2023-06-09 09:00:00+00:00,26000,26639.03
2023-06-09,10,BTC-230825-26000-C,BTCUSDT,C,230825-26000,2190.0,2190.0,2190.0,2190.0,15.0,15.0,2095.0,2325.0,3.6,16.5,,0.41394174,2209.0,0.38975745,0.58874815,8.166e-05,47.55332868,-12.05480426,20.09,535127.29162307,2023-06-09 10:00:00+00:00,26000,26635.4
2023-06-09,11,BTC-230825-26000-C,BTCUSDT,C,230825-26000,2190.0,2190.0,2190.0,2190.0,15.0,15.0,2095.0,2300.0,18.6,16.5,,0.41185856,2197.0,0.39030254,0.58670315,8.174e-05,47.55152217,-12.07775078,20.09,534632.20779237,2023-06-09 11:00:00+00:00,26000,26610.19
2023-06-09,12,BTC-230825-26000-C,BTCUSDT,C,230825-26000,2190.0,2190.0,2190.0,2190.0,15.0,15.0,2095.0,2280.0,15.0,15.0,,0.40041566,2187.0,0.38093984,0.59207036,8.332e-05,47.49631751,-11.78072942,20.09,535835.93656915,2023-06-09 12:00:00+00:00,26000,26673.76
2023-06-09,13,BTC-230825-26000-C,BTCUSDT,C,230825-26000,2190.0,2190.0,2190.0,2190.0,15.0,15.0,2130.0,2340.0,17.64,16.5,,0.41730642,2234.0,0.39520979,0.58860743,8.06e-05,47.52034359,-12.23485482,20.09,535471.59669234,2023-06-09 13:00:00+00:00,26000,26634.65
2023-06-09,14,BTC-230825-26000-C,BTCUSDT,C,230825-26000,2190.0,2190.0,2190.0,2190.0,15.0,15.0,2120.0,2260.0,15.0,16.5,,0.40599883,2189.0,0.39126813,0.58520525,8.172e-05,47.52028918,-12.11939516,20.09,534080.32003854,2023-06-09 14:00:00+00:00,26000,26594.64
2023-06-09,15,BTC-230825-26000-C,BTCUSDT,C,230825-26000,2190.0,2190.0,2190.0,2190.0,15.0,15.0,2085.0,2210.0,15.0,16.5,,0.40923834,2147.0,0.39609015,0.57597487,8.148e-05,47.53552119,-12.27935796,20.09,531801.35017696,2023-06-09 15:00:00+00:00,26000,26477.37
2023-06-09,16,BTC-230825-26000-C,BTCUSDT,C,230825-26000,2190.0,2190.0,2190.0,2190.0,15.0,15.0,2075.0,2160.0,15.0,15.0,,0.39856195,2117.0,0.38961828,0.57623376,8.284e-05,47.52052121,-12.08147525,20.09,532111.3079693,2023-06-09 16:00:00+00:00,26000,26482.84
2023-06-09,17,BTC-230825-26000-C,BTCUSDT,C,230825-26000,2190.0,2190.0,2190.0,2190.0,15.0,15.0,2055.0,2200.0,15.0,16.5,,0.4054147,2127.0,0.39015323,0.5773692,8.266e-05,47.50565945,-12.10085983,20.09,532241.65012298,2023-06-09 17:00:00+00:00,26000,26496.06
2023-06-09,18,BTC-230825-26000-C,BTCUSDT,C,230825-26000,2190.0,2190.0,2190.0,2190.0,0.0,0.0,2055.0,2190.0,15.0,16.5,,0.40902972,2122.0,0.39481848,0.57350851,8.2e-05,47.49868089,-12.25042203,20.09,531479.3648769,2023-06-09 18:00:00+00:00,26000,26450.0
2023-06-09,19,BTC-230825-26000-C,BTCUSDT,C,230825-26000,2190.0,2190.0,2190.0,2190.0,0.0,0.0,2040.0,2170.0,15.0,16.5,,0.41020989,2105.0,0.39652139,0.56991393,8.194e-05,47.48554821,-12.30655733,20.09,530326.16134617,2023-06-09 19:00:00+00:00,26000,26407.15
2023-06-09,20,BTC-230825-26000-C,BTCUSDT,C,230825-26000,2190.0,2190.0,2190.0,2190.0,0.0,0.0,2040.0,2140.0,15.0,15.0,,0.39856315,2089.0,0.38803041,0.57366019,8.347e-05,47.47174495,-12.04608724,20.09,531382.98806915,2023-06-09 20:00:00+00:00,26000,26451.16
2023-06-09,21,BTC-230825-26000-C,BTCUSDT,C,230825-26000,2190.0,2190.0,2190.0,2190.0,0.0,0.0,2040.0,2150.0,15.0,15.0,,0.39738119,2094.0,0.38579136,0.57603418,8.379e-05,47.45485531,-11.97884654,20.09,531983.27374818,2023-06-09 21:00:00+00:00,26000,26479.52
2023-06-09,22,BTC-230825-26000-C,BTCUSDT,C,230825-26000,2190.0,2190.0,2190.0,2190.0,0.0,0.0,2040.0,2225.0,15.0,16.5,,0.41154444,2132.0,0.39204687,0.57713844,8.239e-05,47.44191113,-12.17639927,20.09,532257.34681547,2023-06-09 22:00:00+00:00,26000,26492.69
2023-06-09,23,BTC-230825-26000-C,BTCUSDT,C,230825-26000,2190.0,2190.0,2190.0,2190.0,0.0,0.0,1995.0,2225.0,4.85,16.5,,0.41340113,2109.0,0.38915455,0.57599379,8.312e-05,47.43003295,-12.09013788,20.09,531965.34418459,2023-06-09 23:00:00+00:00,26000,26477.81
2023-06-10,0,BTC-230825-26000-C,BTCUSDT,C,230825-26000,2190.0,2190.0,2190.0,2190.0,0.0,0.0,1995.0,2220.0,20.67,16.5,,0.41486263,2107.0,0.3911376,0.57432885,8.285e-05,47.41978343,-12.15575585,20.09,531574.12786158,2023-06-10 00:00:00+00:00,26000,26459.99
2023-06-10,1,BTC-230825-26000-C,BTCUSDT,C,230825-26000,2190.0,2190.0,2190.0,2190.0,0.0,0.0,1975.0,2155.0,15.0,16.5,,0.40918887,2065.0,0.39020449,0.56886533,8.348e-05,47.40801896,-12.13037313,20.09,530496.39870763,2023-06-10 01:00:00+00:00,26000,26396.93
2023-06-10,2,BTC-230825-26000-C,BTCUSDT,C,230825-26000,2190.0,2190.0,2190.0,2190.0,0.0,0.0,1945.0,2130.0,15.0,16.5,,0.4118228,2037.0,0.39230227,0.56344478,8.346e-05,47.38656948,-12.1967345,20.09,528782.23160003,2023-06-10 02:00:00+00:00,26000,26326.92
2023-06-10,3,BTC-230825-26000-C,BTCUSDT,C,230825-26000,2190.0,2190.0,2190.0,2190.0,0.0,0.0,1945.0,2100.0,15.0,16.5,,0.40590465,2022.0,0.38954526,0.56317604,8.409e-05,47.3741841,-12.11447668,20.09,528934.24225395,2023-06-10 03:00:00+00:00,26000,26323.07
2023-06-10,4,BTC-230825-26000-C,BTCUSDT,C,230825-26000,2190.0,2190.0,1880.0,1880.0,0.05,0.05,1660.0,1835.0,19.77,15.0,,0.41364729,1747.0,0.39499491,0.51632345,8.575e-05,46.91128507,-12.17058537,20.14,519349.57816947,2023-06-10 04:00:00+00:00,26000,25765.28
2023-06-10,5,BTC-230825-26000-C,BTCUSDT,C,230825-26000,2190.0,2190.0,1880.0,1880.0,0.05,0.05,1580.0,1715.0,15.0,16.5,,0.41633546,1647.0,0.40180743,0.49524426,8.524e-05,46.46151287,-12.26850698,20.14,513621.31672,2023-06-10 05:00:00+00:00,26000,25518.06
2023-06-10,6,BTC-230825-26000-C,BTCUSDT,C,230825-26000,2190.0,2190.0,1880.0,1880.0,0.05,0.05,1595.0,1695.0,16.5,16.5,,0.40910363,1644.0,0.39835125,0.49698824,8.591e-05,46.50242731,-12.18035988,20.14,514379.86494126,2023-06-10 06:00:00+00:00,26000,25538.81
2023-06-10,7,BTC-230825-26000-C,BTCUSDT,C,230825-26000,2190.0,2190.0,1880.0,1880.0,0.05,0.05,1595.0,1780.0,17.35,15.0,,0.41537881,1687.0,0.39556682,0.50607721,8.616e-05,46.68880939,-12.15035599,20.14,516558.44665179,2023-06-10 07:00:00+00:00,26000,25651.09
2023-06-10,8,BTC-230825-26000-C,BTCUSDT,C,230825-26000,2190.0,2190.0,1880.0,1880.0,0.05,0.05,1595.0,1770.0,17.35,16.5,,0.41124165,1682.0,0.39250851,0.50722479,8.678e-05,46.70892176,-12.06822579,20.14,516828.51457411,2023-06-10 08:00:00+00:00,26000,25669.07
2023-06-10,9,BTC-230825-26000-C,BTCUSDT,C,230825-26000,2190.0,2190.0,1880.0,1880.0,0.05,0.05,1600.0,1765.0,16.5,16.5,,0.41209161,1682.0,0.39441377,0.50608668,8.645e-05,46.66819778,-12.12288276,20.14,516642.19824947,2023-06-10 09:00:00+00:00,26000,25651.88
2023-06-10,10,BTC-230825-26000-C,BTCUSDT,C,230825-26000,2190.0,2190.0,1880.0,1880.0,0.05,0.05,1600.0,1760.0,15.0,16.5,,0.40609658,1680.0,0.38897783,0.50919377,8.751e-05,46.73221494,-11.97877417,20.14,517597.06171285,2023-06-10 10:00:00+00:00,26000,25698.31
2023-06-10,11,BTC-230825-26000-C,BTCUSDT,C,230825-26000,2190.0,2190.0,1880.0,1880.0,0.05,0.05,1600.0,1755.0,15.0,16.5,,0.4015553,1677.0,0.38498521,0.51142843,8.831e-05,46.77196754,-11.87242611,20.14,518256.32684232,2023-06-10 11:00:00+00:00,26000,25731.4
2023-06-10,12,BTC-230825-26000-C,BTCUSDT,C,230825-26000,2190.0,2190.0,1880.0,1880.0,0.05,0.05,1600.0,1750.0,15.0,16.5,,0.41307449,1675.0,0.39696932,0.50340663,8.609e-05,46.56903666,-12.19558423,20.14,516032.23110126,2023-06-10 12:00:00+00:00,26000,25616.18
2023-06-10,13,BTC-230825-26000-C,BTCUSDT,C,230825-26000,2190.0,2190.0,1880.0,1880.0,0.05,0.05,1600.0,1745.0,15.0,16.5,,0.40763259,1672.0,0.39208353,0.50612181,8.704e-05,46.62723937,-12.06717466,20.14,516778.09823053,2023-06-10 13:00:00+00:00,26000,25657.49
2023-06-10,14,BTC-230825-26000-C,BTCUSDT,C,230825-26000,2190.0,2190.0,1880.0,1880.0,0.05,0.05,1600.0,1740.0,15.0,16.5,,0.40572941,1670.0,0.39071739,0.50663071,8.733e-05,46.62914672,-12.03223924,20.14,516848.02431053,2023-06-10 14:00:00+00:00,26000,25668.34
2023-06-10,15,BTC-230825-26000-C,BTCUSDT,C,230825-26000,2190.0,2190.0,1880.0,1880.0,0.05,0.05,1600.0,1740.0,15.0,16.5,,0.40994108,1670.0,0.39490402,0.50404653,8.657e-05,46.5520571,-12.14774587,20.14,516057.50324715,2023-06-10 15:00:00+00:00,26000,25628.8
2023-06-10,16,BTC-230825-26000-C,BTCUSDT,C,230825-26000,2190.0,2190.0,1880.0,1880.0,0.05,0.05,1570.0,1740.0,20.98,16.5,,0.41445732,1655.0,0.39616525,0.50074267,8.645e-05,46.46795186,-12.17122977,20.14,515484.14824947,2023-06-10 16:00:00+00:00,26000,25588.67
2023-06-10,17,BTC-230825-26000-C,BTCUSDT,C,230825-26000,2190.0,2190.0,1880.0,1880.0,0.05,0.05,1785.0,1920.0,15.0,15.0,,0.40591121,1852.0,0.39155722,0.53657699,8.571e-05,47.02515731,-12.18061977,20.14,523438.43414126,2023-06-10 17:00:00+00:00,26000,26022.34
2023-06-10,18,BTC-230825-26000-C,BTCUSDT,C,230825-26000,1880.0,1880.0,1880.0,1880.0,0.05,0.05,1620.0,1765.0,15.0,15.0,,0.4227531,1692.0,0.40712744,0.50056601,8.425e-05,46.39752338,-12.50283642,20.14,514450.74826358,2023-06-10 18:00:00+00:00,26000,25547.28
2023-06-10,19,BTC-230825-26000-C,BTCUSDT,C,230825-26000,1880.0,1880.0,1880.0,1880.0,0.05,0.05,1620.0,1770.0,15.0,15.0,,0.40573001,1695.0,0.38965851,0.51194704,8.745e-05,46.66604723,-12.04226469,20.14,518141.65205179,2023-06-10 19:00:00+00:00,26000,25750.0
2023-06-10,20,BTC-230825-26000-C,BTCUSDT,C,230825-26000,1880.0,1880.0,1880.0,1880.0,0.05,0.05,1685.0,1845.0,15.0,16.5,,0.41969478,1765.0,0.40255487,0.51554987,8.458e-05,46.67506507,-12.45009731,20.14,518772.07277215,2023-06-10 20:00:00+00:00,26000,25751.25
2023-06-10,21,BTC-230825-26000-C,BTCUSDT,C,230825-26000,1880.0,1880.0,1880.0,1880.0,0.05,0.05,1665.0,1810.0,15.0,15.0,,0.41100264,1737.0,0.39547265,0.51553109,8.608e-05,46.68360076,-12.24005587,20.14,518884.12381411,2023-06-10 21:00:00+00:00,26000,25761.28
2023-06-10,22,BTC-230825-26000-C,BTCUSDT,C,230825-26000,1880.0,1880.0,1880.0,1880.0,0.05,0.05,1770.0,1935.0,19.78,15.0,,0.42531848,1852.0,0.40769219,0.52656389,8.304e-05,46.80525394,-12.65813183,20.14,521092.31606358,2023-06-10 22:00:00+00:00,26000,25875.16
2023-06-10,23,BTC-230825-26000-C,BTCUSDT,C,230825-26000,1880.0,1880.0,1880.0,1880.0,0.05,0.05,1770.0,1880.0,15.0,16.5,,0.41751981,1825.0,0.40575564,0.52347482,8.361e-05,46.75334136,-12.59099269,20.14,520459.60967053,2023-06-10 23:00:00+00:00,26000,25841.21
2023-06-11,0,BTC-230825-26000-C,BTCUSDT,C,230825-26000,1880.0,1880.0,1880.0,1880.0,0.05,0.05,1725.0,1860.0,15.0,16.5,,0.4233861,1792.0,0.40890723,0.51638032,8.335e-05,46.61945891,-12.65945423,20.14,518543.95210589,2023-06-11 00:00:00+00:00,26000,25750.28
2023-06-11,1,BTC-230825-26000-C,BTCUSDT,C,230825-26000,1880.0,1880.0,1845.0,1845.0,0.07,0.07,1680.0,1835.0,15.0,16.5,,0.40975451,1757.0,0.39316595,0.52062281,8.641e-05,46.71956916,-12.20501049,20.16,520772.74526108,2023-06-11 01:00:00+00:00,26000,25824.99
2023-06-11,2,BTC-230825-26000-C,BTCUSDT,C,230825-26000,1880.0,1880.0,1845.0,1845.0,0.07,0.07,1680.0,1850.0,17.1,16.5,,0.41972876,1765.0,0.40149629,0.51662817,8.488e-05,46.62082326,-12.44415607,20.16,519528.66454581,2023-06-11 02:00:00+00:00,26000,25766.72
2023-06-11,3,BTC-230825-26000-C,BTCUSDT,C,230825-26000,1880.0,1880.0,1845.0,1845.0,0.07,0.07,1680.0,1830.0,15.0,16.5,,0.41991711,1755.0,0.40380538,0.51361413,8.457e-05,46.55017252,-12.50368535,20.16,518652.84536473,2023-06-11 03:00:00+00:00,26000,25727.51
2023-06-11,4,BTC-230825-26000-C,BTCUSDT,C,230825-26000,1845.0,1845.0,1845.0,1845.0,0.02,0.02,1650.0,1775.0,15.0,16.5,,0.40810823,1712.0,0.3946799,0.51232456,8.656e-05,46.54388655,-12.22624549,20.16,518947.64860236,2023-06-11 04:00:00+00:00,26000,25727.74
2023-06-11,5,BTC-230825-26000-C,BTCUSDT,C,230825-26000,1845.0,1845.0,1845.0,1845.0,0.02,0.02,1650.0,1825.0,15.0,16.5,,0.40889323,1737.0,0.39014071,0.51953241,8.722e-05,46.6608665,-12.12273089,20.16,520532.54716236,2023-06-11 05:00:00+00:00,26000,25819.1
2023-06-11,6,BTC-230825-26000-C,BTCUSDT,C,230825-26000,1845.0,1845.0,1845.0,1845.0,0.02,0.02,1650.0,1810.0,15.0,16.5,,0.40929556,1730.0,0.39212972,0.51705066,8.693e-05,46.60450418,-12.17657412,20.16,519873.87727054,2023-06-11 06:00:00+00:00,26000,25786.49
2023-06-11,7,BTC-230825-26000-C,BTCUSDT,C,230825-26000,1845.0,1845.0,1845.0,1845.0,0.02,0.02,1650.0,1810.0,15.0,15.0,,0.41440308,1730.0,0.39720803,0.51387276,8.602e-05,46.52484291,-12.32002572,20.16,518974.89069182,2023-06-11 07:00:00+00:00,26000,25741.33
2023-06-11,8,BTC-230825-26000-C,BTCUSDT,C,230825-26000,1845.0,1845.0,1845.0,1845.0,0.02,0.02,1655.0,1795.0,15.0,16.5,,0.41144907,1725.0,0.3963986,0.51361695,8.622e-05,46.51039781,-12.29793479,20.16,518908.08519527,2023-06-11 08:00:00+00:00,26000,25740.2
2023-06-11,9,BTC-230825-26000-C,BTCUSDT,C,230825-26000,1845.0,1845.0,1845.0,1845.0,0.02,0.02,1655.0,1780.0,15.0,16.5,,0.41220963,1717.0,0.39875239,0.51094137,8.587e-05,46.44384181,-12.36012689,20.16,518197.10128946,2023-06-11 09:00:00+00:00,26000,25706.26
2023-06-11,10,BTC-230825-26000-C,BTCUSDT,C,230825-26000,1845.0,1845.0,1845.0,1845.0,0.02,0.02,1695.0,1830.0,15.0,16.5,,0.41520596,1762.0,0.40069997,0.51727535,8.52e-05,46.5328817,-12.4512331,20.16,519701.19856946,2023-06-11 10:00:00+00:00,26000,25774.08
2023-06-11,11,BTC-230825-26000-C,BTCUSDT,C,230825-26000,1845.0,1845.0,1845.0,1845.0,0.02,0.02,1730.0,1870.0,15.0,16.5,,0.42157531,1800.0,0.40653557,0.51981704,8.39e-05,46.54394112,-12.64260435,20.16,520126.76668236,2023-06-11 11:00:00+00:00,26000,25796.06
2023-06-11,12,BTC-230825-26000-C,BTCUSDT,C,230825-26000,1845.0,1845.0,1845.0,1845.0,0.02,0.02,1695.0,1830.0,15.0,16.5,,0.41823328,1762.0,0.40370792,0.51553461,8.471e-05,46.47009569,-12.54173338,20.16,519327.08352,2023-06-11 12:00:00+00:00,26000,25750.0
2023-06-11,13,BTC-230825-26000-C,BTCUSDT,C,230825-26000,1845.0,1845.0,1845.0,1845.0,0.02,0.02,1645.0,1800.0,15.0,16.5,,0.41707814,1722.0,0.40037185,0.51104577,8.562e-05,46.39023024,-12.4236384,20.16,518290.36382108,2023-06-11 13:00:00+00:00,26000,25703.33
2023-06-11,14,BTC-230825-26000-C,BTCUSDT,C,230825-26000,1845.0,1845.0,1845.0,1845.0,0.02,0.02,1645.0,1770.0,15.0,15.0,,0.40525258,1707.0,0.39179891,0.5140239,8.733e-05,46.4554894,-12.18151084,20.16,519082.68502581,2023-06-11 14:00:00+00:00,26000,25753.19
2023-06-11,15,BTC-230825-26000-C,BTCUSDT,C,230825-26000,1845.0,1845.0,1845.0,1845.0,0.02,0.02,1645.0,1770.0,15.0,15.0,,0.40558457,1707.0,0.39212614,0.51388377,8.729e-05,46.4395583,-12.19430495,20.16,519328.53741182,2023-06-11 15:00:00+00:00,26000,25751.36
2023-06-11,16,BTC-230825-26000-C,BTCUSDT,C,230825-26000,1845.0,1845.0,1845.0,1845.0,0.02,0.02,1725.0,1905.0,18.86,16.5,,0.4219681,1815.0,0.40264159,0.52502604,8.455e-05,46.56818023,-12.56300397,20.16,521603.02181655,2023-06-11 16:00:00+00:00,26000,25868.39
2023-06-11,17,BTC-230825-26000-C,BTCUSDT,C,230825-26000,1845.0,1845.0,1845.0,1845.0,0.02,0.02,1795.0,1975.0,18.02,16.5,,0.42878449,1885.0,0.40948302,0.53188538,8.282e-05,46.62938371,-12.80040516,20.16,522945.93633892,2023-06-11 17:00:00+00:00,26000,25941.63
2023-06-11,18,BTC-230825-26000-C,BTCUSDT,C,230825-26000,1845.0,1845.0,1845.0,1845.0,0.02,0.02,1795.0,1965.0,15.0,16.5,,0.42283654,1880.0,0.40461779,0.53424003,8.369e-05,46.65485516,-12.66230159,20.16,523490.66428236,2023-06-11 18:00:00+00:00,26000,25975.0
2023-06-11,19,BTC-230825-26000-C,BTCUSDT,C,230825-26000,1845.0,1845.0,1845.0,1845.0,0.02,0.02,1795.0,1975.0,15.0,15.0,,0.41859269,1885.0,0.39931953,0.53850221,8.456e-05,46.69734896,-12.51487283,20.16,524880.80301182,2023-06-11 19:00:00+00:00,26000,26030.89
2023-06-11,20,BTC-230825-26000-C,BTCUSDT,C,230825-26000,1845.0,1845.0,1845.0,1845.0,0.02,0.02,1855.0,2005.0,15.0,15.0,,0.41414738,1930.0,0.39810598,0.54637481,8.435e-05,46.75451996,-12.49910341,20.16,526671.85536,2023-06-11 20:00:00+00:00,26000,26123.68
2023-06-11,21,BTC-230825-26000-C,BTCUSDT,C,230825-26000,1845.0,1845.0,1845.0,1845.0,0.02,0.02,1855.0,1995.0,15.0,16.5,,0.42125702,1925.0,0.40626049,0.54039317,8.307e-05,46.67791745,-12.74135992,20.16,525058.01889892,2023-06-11 21:00:00+00:00,26000,26046.37
2023-06-11,22,BTC-230825-26000-C,BTCUSDT,C,230825-26000,1845.0,1845.0,1845.0,1845.0,0.02,0.02,1765.0,1935.0,17.33,15.0,,0.42596698,1850.0,0.40769458,0.52786478,8.351e-05,46.51809342,-12.74969514,20.16,521870.10861182,2023-06-11 22:00:00+00:00,26000,25895.8
2023-06-11,23,BTC-230825-26000-C,BTCUSDT,C,230825-26000,1845.0,1845.0,1845.0,1845.0,0.02,0.02,1765.0,1935.0,15.0,15.0,,0.42245865,1850.0,0.40419579,0.5301372,8.412e-05,46.54279105,-12.65407874,20.16,522677.34347291,2023-06-11 23:00:00+00:00,26000,25925.55
2023-06-12,0,BTC-230825-26000-C,BTCUSDT,C,230825-26000,1845.0,1845.0,1845.0,1845.0,0.02,0.02,1765.0,1905.0,15.0,16.5,,0.41176498,1835.0,0.39673537,0.5326034,8.556e-05,46.57540596,-12.43619162,20.16,523422.12502581,2023-06-12 00:00:00+00:00,26000,25965.13
2023-06-12,1,BTC-230825-26000-C,BTCUSDT,C,230825-26000,1845.0,1845.0,1845.0,1845.0,0.0,0.0,1740.0,1930.0,19.79,20.52,,0.42058527,1835.0,0.4001683,0.53045827,8.498e-05,46.53006494,-12.53862227,20.16,522768.08244709,2023-06-12 01:00:00+00:00,26000,25935.17
2023-06-12,2,BTC-230825-26000-C,BTCUSDT,C,230825-26000,1845.0,1845.0,1845.0,1845.0,0.0,0.0,1635.0,1795.0,15.0,16.5,,0.40930569,1715.0,0.39204001,0.51599149,8.748e-05,46.33476971,-12.239246,20.16,519706.02036709,2023-06-12 02:00:00+00:00,26000,25773.47
2023-06-12,3,BTC-230825-26000-C,BTCUSDT,C,230825-26000,1845.0,1845.0,1845.0,1845.0,0.0,0.0,1670.0,1820.0,15.0,16.5,,0.41342616,1745.0,0.39723992,0.51776739,8.63e-05,46.335336,-12.40870278,20.16,519884.65219764,2023-06-12 03:00:00+00:00,26000,25791.29
2023-06-12,4,BTC-230825-26000-C,BTCUSDT,C,230825-26000,1845.0,1845.0,1845.0,1845.0,0.0,0.0,1670.0,1825.0,15.0,15.0,,0.41191697,1747.0,0.39519817,0.51956293,8.667e-05,46.35575777,-12.35730699,20.16,520452.38151527,2023-06-12 04:00:00+00:00,26000,25814.98
2023-06-12,5,BTC-230825-26000-C,BTCUSDT,C,230825-26000,1845.0,1845.0,1845.0,1845.0,0.0,0.0,1750.0,1815.0,16.0,17.5,,0.41461229,1782.0,0.40758967,0.51759545,8.421e-05,46.2776249,-12.73044709,20.16,519645.87241419,2023-06-12 05:00:00+00:00,26000,25772.8
2023-06-12,6,BTC-230825-26000-C,BTCUSDT,C,230825-26000,1845.0,1845.0,1845.0,1845.0,0.0,0.0,1750.0,1860.0,16.0,16.0,,0.41634321,1805.0,0.4044795,0.52325086,8.459e-05,46.36003498,-12.66292471,20.16,521031.46707683,2023-06-12 06:00:00+00:00,26000,25844.34
2023-06-12,7,BTC-230825-26000-C,BTCUSDT,C,230825-26000,1845.0,1845.0,1845.0,1845.0,0.0,0.0,1750.0,1860.0,15.0,15.0,,0.4211998,1805.0,0.40931821,0.5203147,8.378e-05,46.29040687,-12.8023672,20.16,520116.13439997,2023-06-12 07:00:00+00:00,26000,25802.98
2023-06-12,8,BTC-230825-26000-C,BTCUSDT,C,230825-26000,1845.0,1845.0,1845.0,1845.0,0.0,0.0,1840.0,1895.0,1.0,15.0,,0.41307151,1867.0,0.40714979,0.5316825,8.364e-05,46.43998661,-12.78289211,20.16,522756.29907688,2023-06-12 08:00:00+00:00,26000,25939.32
2023-06-12,9,BTC-230825-26000-C,BTCUSDT,C,230825-26000,1845.0,1845.0,1845.0,1845.0,0.0,0.0,1875.0,1920.0,1.0,15.0,,0.41583419,1897.0,0.41098982,0.53403375,8.277e-05,46.44690584,-12.91265109,20.16,523497.68418468,2023-06-12 09:00:00+00:00,26000,25965.1
2023-06-12,10,BTC-230825-26000-C,BTCUSDT,C,230825-26000,1845.0,1845.0,1845.0,1845.0,0.0,0.0,1880.0,1920.0,1.0,15.0,,0.41604757,1900.0,0.41174024,0.53402562,8.264e-05,46.43239689,-12.93948115,20.16,523458.3433847,2023-06-12 10:00:00+00:00,26000,25964.59
2023-06-12,11,BTC-230825-26000-C,BTCUSDT,C,230825-26000,1845.0,1845.0,1845.0,1845.0,0.0,0.0,1900.0,1940.0,1.0,15.0,,0.4177326,1920.0,0.41342586,0.53613153,8.222e-05,46.44010432,-13.00194392,20.16,523880.31655391,2023-06-12 11:00:00+00:00,26000,25988.83
2023-06-12,12,BTC-230825-26000-C,BTCUSDT,C,230825-26000,1845.0,1845.0,1845.0,1845.0,0.0,0.0,1850.0,1900.0,1.0,15.0,,0.41580737,1875.0,0.41041642,0.53110338,8.311e-05,46.37437524,-12.89630872,20.16,522730.22400003,2023-06-12 12:00:00+00:00,26000,25933.1
2023-06-12,13,BTC-230825-26000-C,BTCUSDT,C,230825-26000,1845.0,1845.0,1845.0,1845.0,0.0,0.0,1800.0,1830.0,1.0,15.0,,0.41571319,1815.0,0.41246682,0.52041592,8.329e-05,46.2068948,-12.92122587,20.16,520274.04923068,2023-06-12 13:00:00+00:00,26000,25798.3
2023-06-12,14,BTC-230825-26000-C,BTCUSDT,C,230825-26000,1845.0,1845.0,1845.0,1845.0,0.0,0.0,1820.0,1875.0,1.0,15.0,,0.42060375,1847.0,0.41465729,0.52431558,8.269e-05,46.24697717,-13.0084636,20.16,520315.02941544,2023-06-12 14:00:00+00:00,26000,25846.35
2023-06-12,15,BTC-230825-26000-C,BTCUSDT,C,230825-26000,1845.0,1845.0,1845.0,1845.0,0.0,0.0,1815.0,1865.0,1.0,15.0,,0.42075753,1840.0,0.41534722,0.52278325,8.265e-05,46.20973059,-13.02697741,20.16,520643.35384609,2023-06-12 15:00:00+00:00,26000,25824.63
2023-06-12,16,BTC-230825-26000-C,BTCUSDT,C,230825-26000,1845.0,1845.0,1845.0,1845.0,0.0,0.0,1825.0,1870.0,1.0,15.0,,0.42193174,1847.0,0.41706115,0.52300085,8.233e-05,46.1956391,-13.08414489,20.16,520552.48763085,2023-06-12 16:00:00+00:00,26000,25825.41
2023-06-12,17,BTC-230825-26000-C,BTCUSDT,C,230825-26000,1845.0,1845.0,1845.0,1845.0,0.0,0.0,1805.0,1855.0,1.0,15.0,,0.42112529,1830.0,0.41570902,0.52112253,8.271e-05,46.15791516,-13.03845431,20.16,520604.83938456,2023-06-12 17:00:00+00:00,26000,25804.56
2023-06-12,18,BTC-230825-26000-C,BTCUSDT,C,230825-26000,1845.0,1845.0,1845.0,1845.0,0.0,0.0,1830.0,1885.0,15.0,15.0,,0.42333722,1857.0,0.41738391,0.52451971,8.224e-05,46.19175785,-13.10800687,20.16,520851.84369221,2023-06-12 18:00:00+00:00,26000,25845.31
2023-06-12,19,BTC-230825-26000-C,BTCUSDT,C,230825-26000,1845.0,1845.0,1845.0,1845.0,0.0,0.0,1825.0,1885.0,15.0,15.0,,0.42558491,1855.0,0.41908503,0.52317502,8.2e-05,46.15454298,-13.1582801,20.16,520623.01439991,2023-06-12 19:00:00+00:00,26000,25824.23
2023-06-12,20,BTC-230825-26000-C,BTCUSDT,C,230825-26000,1845.0,1845.0,1845.0,1845.0,0.0,0.0,1845.0,2020.0,4.78,1.5,,0.44725597,1932.0,0.42832136,0.52968244,7.996e-05,46.21153551,-13.47252291,20.16,521807.45870776,2023-06-12 20:00:00+00:00,26000,25893.48
2023-06-12,21,BTC-230825-26000-C,BTCUSDT,C,230825-26000,1845.0,1845.0,1845.0,1845.0,0.0,0.0,1885.0,1945.0,15.0,15.0,,0.42675018,1915.0,0.42026341,0.53189916,8.136e-05,46.24671929,-13.23664077,20.16,522671.26818453,2023-06-12 21:00:00+00:00,26000,25930.52
2023-06-12,22,BTC-230825-26000-C,BTCUSDT,C,230825-26000,1845.0,1845.0,1845.0,1845.0,0.0,0.0,1890.0,1945.0,15.0,15.0,,0.4268539,1917.0,0.42090595,0.53196515,8.126e-05,46.23324985,-13.26054295,20.16,522742.89821544,2023-06-12 22:00:00+00:00,26000,25929.93
2023-06-12,23,BTC-230825-26000-C,BTCUSDT,C,230825-26000,1845.0,1845.0,1845.0,1845.0,0.0,0.0,1885.0,1940.0,15.0,15.0,,0.4288286,1912.0,0.42287499,0.53008953,8.102e-05,46.19161118,-13.3181413,20.16,522163.07003085,2023-06-12 23:00:00+00:00,26000,25905.19
2023-06-13,0,BTC-230825-26000-C,BTCUSDT,C,230825-26000,1845.0,1845.0,1845.0,1845.0,0.0,0.0,1860.0,1920.0,15.0,15.0,,0.4284817,1890.0,0.42198002,0.52724164,8.136e-05,46.14216488,-13.283276,20.16,521410.88270779,2023-06-13 00:00:00+00:00,26000,25868.89
2023-06-13,1,BTC-230825-26000-C,BTCUSDT,C,230825-26000,1845.0,1845.0,1845.0,1845.0,0.0,0.0,1910.0,1965.0,15.0,15.0,,0.42665422,1937.0,0.42070657,0.53534724,8.118e-05,46.2359985,-13.27766913,20.16,523426.62129227,2023-06-13 01:00:00+00:00,26000,25970.67
2023-06-13,2,BTC-230825-26000-C,BTCUSDT,C,230825-26000,1845.0,1845.0,1845.0,1845.0,0.0,0.0,1995.0,2050.0,15.0,15.0,,0.42729616,2022.0,0.42136192,0.5476969,8.034e-05,46.34336257,-13.33681864,20.16,526746.39064609,2023-06-13 02:00:00+00:00,26000,26125.49
2023-06-13,3,BTC-230825-26000-C,BTCUSDT,C,230825-26000,1845.0,1845.0,1845.0,1845.0,0.0,0.0,1960.0,2020.0,15.0,15.0,,0.42840838,1990.0,0.42192698,0.54262777,8.057e-05,46.28485025,-13.34543766,20.16,525372.61513847,2023-06-13 03:00:00+00:00,26000,26063.85
2023-06-13,4,BTC-230825-26000-C,BTCUSDT,C,230825-26000,1845.0,1845.0,1845.0,1845.0,0.0,0.0,1945.0,1990.0,15.0,15.0,,0.42274237,1967.0,0.41787982,0.54182465,8.141e-05,46.27106584,-13.2210199,20.16,525289.78412306,2023-06-13 04:00:00+00:00,26000,26055.51
2023-06-13,5,BTC-230825-26000-C,BTCUSDT,C,230825-26000,1845.0,1845.0,1845.0,1845.0,0.0,0.0,1960.0,2000.0,1.0,15.0,,0.42194128,1980.0,0.41761965,0.54393291,8.135e-05,46.27799804,-13.22230199,20.16,525895.82473841,2023-06-13 05:00:00+00:00,26000,26080.82
2023-06-13,6,BTC-230825-26000-C,BTCUSDT,C,230825-26000,1845.0,1845.0,1845.0,1845.0,0.0,0.0,1960.0,2015.0,1.0,16.0,,0.42540669,1987.0,0.41946232,0.54398765,8.102e-05,46.26255384,-13.28378453,20.16,525868.59323074,2023-06-13 06:00:00+00:00,26000,26080.01
2023-06-13,7,BTC-230825-26000-C,BTCUSDT,C,230825-26000,1845.0,1845.0,1845.0,1845.0,0.0,0.0,1965.0,2010.0,2.0,15.0,,0.42533159,1987.0,0.42046607,0.54344416,8.089e-05,46.24298333,-13.31753573,20.16,525585.43163085,2023-06-13 07:00:00+00:00,26000,26073.92
2023-06-13,8,BTC-230825-26000-C,BTCUSDT,C,230825-26000,1845.0,1845.0,1845.0,1845.0,0.0,0.0,2010.0,2065.0,4.0,15.0,,0.4249537,2037.0,0.4190138,0.55179167,8.066e-05,46.29833135,-13.2950108,20.16,527652.90830771,2023-06-13 08:00:00+00:00,26000,26176.83
2023-06-13,9,BTC-230825-26000-C,BTCUSDT,C,230825-26000,1845.0,1845.0,1845.0,1845.0,0.0,0.0,1995.0,2050.0,4.0,15.0,,0.4253459,2022.0,0.41940212,0.54942595,8.076e-05,46.26812156,-13.30624821,20.16,527224.11396924,2023-06-13 09:00:00+00:00,26000,26147.37
2023-06-13,10,BTC-230825-26000-C,BTCUSDT,C,230825-26000,1845.0,1845.0,1845.0,1845.0,0.0,0.0,2000.0,2050.0,1.0,15.0,,0.42439342,2025.0,0.41898966,0.55012382,8.082e-05,46.26066136,-13.29861792,20.16,527306.61489227,2023-06-13 10:00:00+00:00,26000,26156.31
2023-06-13,11,BTC-230825-26000-C,BTCUSDT,C,230825-26000,1845.0,1845.0,1845.0,1845.0,0.0,0.0,2015.0,2075.0,1.0,16.0,,0.42595387,2045.0,0.41946948,0.55282625,8.058e-05,46.26530141,-13.32279998,20.16,527917.35212315,2023-06-13 11:00:00+00:00,26000,26191.81
2023-06-13,12,BTC-230825-26000-C,BTCUSDT,C,230825-26000,1845.0,1845.0,1845.0,1845.0,0.0,0.0,1885.0,2100.0,3.0,2.5,,0.44475317,1992.0,0.42147487,0.54394163,8.078e-05,46.18083249,-13.36970175,20.16,525296.68947685,2023-06-13 12:00:00+00:00,26000,26082.29
2023-06-13,13,BTC-230825-26000-C,BTCUSDT,C,230825-26000,1845.0,1845.0,1845.0,1845.0,0.0,0.0,1950.0,2010.0,19.0,16.0,,0.43033123,1980.0,0.42382836,0.5407185,8.055e-05,46.13291994,-13.43810093,20.16,525592.40787688,2023-06-13 13:00:00+00:00,26000,26032.92
2023-06-13,14,BTC-230825-26000-C,BTCUSDT,C,230825-26000,1845.0,1845.0,1845.0,1845.0,0.0,0.0,1920.0,1975.0,15.0,1.0,,0.42902112,1947.0,0.42305261,0.53638757,8.097e-05,46.0750392,-13.40435239,20.16,523998.73329229,2023-06-13 14:00:00+00:00,26000,25985.67
2023-06-13,15,BTC-230825-26000-C,BTCUSDT,C,230825-26000,1845.0,1845.0,1845.0,1845.0,0.0,0.0,1800.0,1860.0,16.0,17.5,,0.43042421,1830.0,0.42387396,0.51782401,8.182e-05,45.8009579,-13.35814015,20.16,518790.27987683,2023-06-13 15:00:00+00:00,26000,25759.54
2023-06-13,16,BTC-230825-26000-C,BTCUSDT,C,230825-26000,1845.0,1845.0,1845.0,1845.0,0.0,0.0,1855.0,1910.0,15.0,17.5,,0.42903662,1882.0,0.42304873,0.526597,8.155e-05,45.92494874,-13.3758956,20.16,521370.87064615,2023-06-13 16:00:00+00:00,26000,25865.29
2023-06-13,17,BTC-230825-26000-C,BTCUSDT,C,230825-26000,1845.0,1845.0,1845.0,1845.0,0.0,0.0,1835.0,1885.0,15.0,2.5,,0.42863846,1860.0,0.42318702,0.52308683,8.173e-05,45.86059717,-13.36918914,20.16,520609.33661547,2023-06-13 17:00:00+00:00,26000,25821.88
2023-06-13,18,BTC-230825-26000-C,BTCUSDT,C,230825-26000,1845.0,1845.0,1845.0,1845.0,0.0,0.0,1870.0,1925.0,15.0,16.5,,0.42959094,1897.0,0.42360306,0.5287269,8.138e-05,45.92716579,-13.40945532,20.16,521847.14732317,2023-06-13 18:00:00+00:00,26000,25889.63
2023-06-13,19,BTC-230825-26000-C,BTCUSDT,C,230825-26000,1845.0,1885.0,1845.0,1885.0,0.02,0.02,1875.0,1930.0,14.98,1.5,,0.42984307,1902.0,0.42385489,0.52941817,8.132e-05,45.92291438,-13.42389559,20.14,521055.78210358,2023-06-13 19:00:00+00:00,26000,25902.84
2023-06-13,20,BTC-230825-26000-C,BTCUSDT,C,230825-26000,1845.0,1885.0,1845.0,1885.0,0.02,0.02,1845.0,1900.0,14.98,1.5,,0.42912602,1872.0,0.4231289,0.52528673,8.17e-05,45.85459808,-13.388662,20.14,520508.47878821,2023-06-13 20:00:00+00:00,26000,25847.98
2023-06-13,21,BTC-230825-26000-C,BTCUSDT,C,230825-26000,1845.0,1885.0,1845.0,1885.0,0.02,0.02,1800.0,1855.0,15.0,15.0,,0.41956782,1827.0,0.41356981,0.5240423,8.363e-05,45.84818591,-13.0918912,20.14,520584.75963053,2023-06-13 21:00:00+00:00,26000,25847.45
2023-06-13,22,BTC-230825-26000-C,BTCUSDT,C,230825-26000,1845.0,1885.0,1845.0,1885.0,0.02,0.02,1800.0,1855.0,15.0,15.0,,0.42050123,1827.0,0.41450024,0.52354638,8.35e-05,45.82581108,-13.12249153,20.14,520436.76617179,2023-06-13 22:00:00+00:00,26000,25840.0
2023-06-13,23,BTC-230825-26000-C,BTCUSDT,C,230825-26000,1845.0,1885.0,1845.0,1885.0,0.02,0.02,1845.0,1905.0,15.0,15.0,,0.42096376,1875.0,0.4144299,0.5311673,8.313e-05,45.91485318,-13.15333072,20.14,522043.15251643,2023-06-13 23:00:00+00:00,26000,25934.25
2023-06-14,0,BTC-230825-26000-C,BTCUSDT,C,230825-26000,1845.0,1885.0,1845.0,1885.0,0.02,0.02,1875.0,2015.0,3.0,1.5,,0.43846011,1945.0,0.42322516,0.5366417,8.115e-05,45.94775253,-13.44984823,20.14,523390.21088357,2023-06-14 00:00:00+00:00,26000,25989.72
2023-06-14,1,BTC-230825-26000-C,BTCUSDT,C,230825-26000,1885.0,1885.0,1885.0,1885.0,0.02,0.02,1920.0,1980.0,15.0,15.0,,0.42444587,1950.0,0.41792244,0.5407107,8.195e-05,45.98690423,-13.30031558,20.14,524327.35606815,2023-06-14 01:00:00+00:00,26000,26046.27
2023-06-14,2,BTC-230825-26000-C,BTCUSDT,C,230825-26000,1885.0,1885.0,1885.0,1885.0,0.02,0.02,1910.0,1965.0,15.0,15.0,,0.4234761,1937.0,0.41749269,0.53915098,8.215e-05,45.95915164,-13.28628275,20.14,524118.2099142,2023-06-14 02:00:00+00:00,26000,26027.4
2023-06-14,3,BTC-230825-26000-C,BTCUSDT,C,230825-26000,1885.0,1885.0,1885.0,1885.0,0.02,0.02,1885.0,1940.0,15.0,15.0,,0.42299628,1912.0,0.41700631,0.53569601,8.247e-05,45.91042815,-13.26438725,20.14,523398.55681095,2023-06-14 03:00:00+00:00,26000,25985.07
2023-06-14,4,BTC-230825-26000-C,BTCUSDT,C,230825-26000,1885.0,1885.0,1885.0,1885.0,0.02,0.02,1885.0,1940.0,15.0,16.5,,0.42351007,1912.0,0.41751802,0.53545533,8.24e-05,45.89372623,-13.28350407,20.14,523295.77198905,2023-06-14 04:00:00+00:00,26000,25981.01
2023-06-14,5,BTC-230825-26000-C,BTCUSDT,C,230825-26000,1885.0,1885.0,1885.0,1885.0,0.02,0.02,1810.0,1865.0,16.0,16.5,,0.42304516,1837.0,0.41703254,0.52410731,8.314e-05,45.73713353,-13.23042999,20.14,520712.40312312,2023-06-14 05:00:00+00:00,26000,25845.14
2023-06-14,6,BTC-230825-26000-C,BTCUSDT,C,230825-26000,1885.0,1885.0,1885.0,1885.0,0.02,0.02,1835.0,1885.0,16.0,2.5,,0.42197704,1860.0,0.41651607,0.52804846,8.305e-05,45.77971444,-13.23399663,20.14,521498.62667262,2023-06-14 06:00:00+00:00,26000,25894.54
2023-06-14,7,BTC-230825-26000-C,BTCUSDT,C,230825-26000,1885.0,1885.0,1885.0,1885.0,0.02,0.02,1840.0,1895.0,16.0,16.0,,0.42372763,1867.0,0.41771948,0.52856609,8.282e-05,45.7707614,-13.27731648,20.14,521596.88552738,2023-06-14 07:00:00+00:00,26000,25897.72
2023-06-14,8,BTC-230825-26000-C,BTCUSDT,C,230825-26000,1885.0,1885.0,1885.0,1885.0,0.02,0.02,1835.0,1890.0,16.0,16.0,,0.41929126,1862.0,0.41328579,0.53057518,8.36e-05,45.79323128,-13.15044966,20.14,522192.64664625,2023-06-14 08:00:00+00:00,26000,25928.3
2023-06-14,9,BTC-230825-26000-C,BTCUSDT,C,230825-26000,1885.0,1885.0,1885.0,1885.0,0.02,0.02,1865.0,1920.0,16.0,15.0,,0.4197979,1892.0,0.4137975,0.5350301,8.327e-05,45.83114148,-13.18526671,20.14,523211.94311217,2023-06-14 09:00:00+00:00,26000,25980.53
2023-06-14,10,BTC-230825-26000-C,BTCUSDT,C,230825-26000,1885.0,1885.0,1885.0,1885.0,0.02,0.02,1850.0,1905.0,18.0,15.0,,0.41956067,1877.0,0.4135555,0.53291264,8.347e-05,45.79459012,-13.17467944,20.14,522759.87757363,2023-06-14 10:00:00+00:00,26000,25956.99
2023-06-14,11,BTC-230825-26000-C,BTCUSDT,C,230825-26000,1885.0,1885.0,1885.0,1885.0,0.02,0.02,1865.0,1920.0,15.0,17.5,,0.42059422,1892.0,0.41458964,0.53468758,8.319e-05,45.79969794,-13.2167592,20.14,523171.53032089,2023-06-14 11:00:00+00:00,26000,25975.71
2023-06-14,12,BTC-230825-26000-C,BTCUSDT,C,230825-26000,1885.0,1885.0,1885.0,1885.0,0.02,0.02,1885.0,1940.0,19.0,16.0,,0.41978478,1912.0,0.41378409,0.53836355,8.316e-05,45.82715242,-13.20664656,20.14,523995.23640223,2023-06-14 12:00:00+00:00,26000,26022.15
2023-06-14,13,BTC-230825-26000-C,BTCUSDT,C,230825-26000,1885.0,1885.0,1885.0,1885.0,0.02,0.02,1870.0,1925.0,16.0,16.0,,0.42055428,1897.0,0.41454792,0.53563998,8.319e-05,45.78416128,-13.22628974,20.14,523108.24867039,2023-06-14 13:00:00+00:00,26000,25990.0
2023-06-14,14,BTC-230825-26000-C,BTCUSDT,C,230825-26000,1885.0,1885.0,1885.0,1885.0,0.02,0.02,1855.0,1970.0,4.0,2.5,,0.42898893,1912.0,0.41642904,0.53687176,8.277e-05,45.7807615,-13.29304052,20.14,523690.14638682,2023-06-14 14:00:00+00:00,26000,26001.27
2023-06-14,15,BTC-230825-26000-C,BTCUSDT,C,230825-26000,1885.0,1885.0,1885.0,1885.0,0.02,0.02,1855.0,1910.0,15.0,15.0,,0.41785836,1882.0,0.41184843,0.53513216,8.38e-05,45.75767362,-13.14782987,20.14,523151.69795375,2023-06-14 15:00:00+00:00,26000,25986.75
2023-06-14,16,BTC-230825-26000-C,BTCUSDT,C,230825-26000,1885.0,1885.0,1885.0,1885.0,0.02,0.02,1850.0,1900.0,5.14,15.0,,0.41805744,1875.0,0.41258991,0.53356816,8.376e-05,45.72580284,-13.16998375,20.14,522897.42492089,2023-06-14 16:00:00+00:00,26000,25965.86
2023-06-14,17,BTC-230825-26000-C,BTCUSDT,C,230825-26000,1885.0,1885.0,1885.0,1885.0,0.02,0.02,1840.0,2000.0,3.0,1.5,,0.4344964,1920.0,0.41701019,0.5378927,8.267e-05,45.75112051,-13.32620061,20.14,524061.50364178,2023-06-14 17:00:00+00:00,26000,26027.04
2023-06-14,18,BTC-230825-26000-C,BTCUSDT,C,230825-26000,1885.0,1885.0,1885.0,1885.0,0.02,0.02,1775.0,1865.0,15.0,16.5,,0.41669488,1820.0,0.40683776,0.5285708,8.525e-05,45.65234499,-12.98061375,20.14,522012.88054726,2023-06-14 18:00:00+00:00,26000,25915.03
2023-06-14,19,BTC-230825-26000-C,BTCUSDT,C,230825-26000,1885.0,1885.0,1885.0,1885.0,0.0,0.0,1655.0,1845.0,5.2,1.5,,0.41707039,1750.0,0.39623857,0.52391579,8.776e-05,45.60356368,-12.63628512,20.14,521108.47946146,2023-06-14 19:00:00+00:00,26000,25874.59
2023-06-14,20,BTC-230825-26000-C,BTCUSDT,C,230825-26000,1885.0,1885.0,1885.0,1885.0,0.0,0.0,1315.0,1430.0,3.0,1.5,,0.4265666,1372.0,0.41338116,0.44563475,8.665e-05,43.60963203,-12.61392233,20.14,502416.35070101,2023-06-14 20:00:00+00:00,26000,24934.21
2023-06-14,21,BTC-230825-26000-C,BTCUSDT,C,230825-26000,1885.0,1885.0,1885.0,1885.0,0.0,0.0,1370.0,1510.0,3.0,1.5,,0.42575359,1439.0,0.40988535,0.46058256,8.716e-05,44.11427817,-12.65936519,20.14,506069.67587911,2023-06-14 21:00:00+00:00,26000,25121.25
2023-06-14,22,BTC-230825-26000-C,BTCUSDT,C,230825-26000,1885.0,1885.0,1885.0,1885.0,0.0,0.0,1320.0,1430.0,2.09,1.5,,0.41679442,1374.0,0.40424705,0.45131068,8.848e-05,43.83506942,-12.41344619,20.14,504127.17730548,2023-06-14 22:00:00+00:00,26000,25034.98
2023-06-14,23,BTC-230825-26000-C,BTCUSDT,C,230825-26000,1885.0,1885.0,1885.0,1885.0,0.0,0.0,1315.0,1475.0,8.38,1.5,,0.41725516,1394.0,0.39910346,0.45823277,8.949e-05,44.07555474,-12.32993247,20.14,506106.81094057,2023-06-14 23:00:00+00:00,26000,25128.6
2023-06-15,0,BTC-230825-26000-C,BTCUSDT,C,230825-26000,1885.0,1885.0,1885.0,1885.0,0.0,0.0,1315.0,1470.0,6.71,1.5,,0.40817559,1392.0,0.39065987,0.4628071,9.127e-05,44.24763478,-12.12327695,20.14,507583.59967911,2023-06-15 00:00:00+00:00,26000,25206.51
2023-06-15,1,BTC-230825-26000-C,BTCUSDT,C,230825-26000,1885.0,1885.0,1885.0,1885.0,0.0,0.0,1315.0,1470.0,6.71,1.5,,0.42286694,1392.0,0.40521026,0.45437788,8.831e-05,43.89411206,-12.48164317,20.14,504904.30687039,2023-06-15 01:00:00+00:00,26000,25064.79
2023-06-15,2,BTC-230825-26000-C,BTCUSDT,C,230825-26000,1885.0,1885.0,1885.0,1885.0,0.0,0.0,1315.0,1440.0,3.0,1.5,,0.41433215,1377.0,0.40009886,0.45443278,8.941e-05,43.91270555,-12.33663236,20.14,505187.44207262,2023-06-15 02:00:00+00:00,26000,25083.79
2023-06-15,3,BTC-230825-26000-C,BTCUSDT,C,230825-26000,1885.0,1885.0,1885.0,1885.0,0.0,0.0,1315.0,1430.0,3.0,1.5,,0.41416824,1372.0,0.40105402,0.45296824,8.925e-05,43.84755071,-12.35496321,20.14,504807.51535822,2023-06-15 03:00:00+00:00,26000,25065.35
2023-06-15,4,BTC-230825-26000-C,BTCUSDT,C,230825-26000,1885.0,1885.0,1885.0,1885.0,0.0,0.0,1315.0,1370.0,15.0,15.0,,0.40448427,1342.0,0.398193,0.4487173,8.993e-05,43.7109895,-12.2357872,20.14,504076.25630325,2023-06-15 04:00:00+00:00,26000,25028.15
2023-06-15,5,BTC-230825-26000-C,BTCUSDT,C,230825-26000,1885.0,1885.0,1885.0,1885.0,0.0,0.0,1320.0,1370.0,15.0,15.0,,0.40436149,1344.0,0.39864153,0.44902827,8.986e-05,43.70669046,-12.25554441,20.14,504264.41962358,2023-06-15 05:00:00+00:00,26000,25031.42
2023-06-15,6,BTC-230825-26000-C,BTCUSDT,C,230825-26000,1885.0,1885.0,1885.0,1885.0,0.0,0.0,1280.0,1325.0,3.09,15.0,,0.40475607,1302.0,0.39956868,0.43998093,8.976e-05,43.37425797,-12.19776566,20.14,502145.96884463,2023-06-15 06:00:00+00:00,26000,24927.95
2023-06-15,7,BTC-230825-26000-C,BTCUSDT,C,230825-26000,1885.0,1885.0,1885.0,1885.0,0.0,0.0,1325.0,1375.0,15.0,15.0,,0.41064024,1349.0,0.4049015,0.44661531,8.862e-05,43.56322854,-12.42169993,20.14,502971.18283537,2023-06-15 07:00:00+00:00,26000,24983.8
2023-06-15,8,BTC-230825-26000-C,BTCUSDT,C,230825-26000,1885.0,1885.0,1885.0,1885.0,0.0,0.0,1315.0,1370.0,15.0,15.0,,0.41064024,1342.0,0.40432096,0.44551459,8.877e-05,43.51659163,-12.39788634,20.14,502845.28651053,2023-06-15 08:00:00+00:00,26000,24974.26
2023-06-15,9,BTC-230825-26000-C,BTCUSDT,C,230825-26000,1885.0,1885.0,1885.0,1885.0,0.0,0.0,1305.0,1360.0,15.09,15.0,,0.41080236,1332.0,0.40447086,0.4434999,8.879e-05,43.43317093,-12.38598062,20.14,502492.75358126,2023-06-15 09:00:00+00:00,26000,24947.71
2023-06-15,10,BTC-230825-26000-C,BTCUSDT,C,230825-26000,1885.0,1885.0,1370.0,1370.0,0.01,0.01,1315.0,1455.0,4.41,3.5,,0.43547392,1384.0,0.41934758,0.44575916,8.582e-05,43.40947982,-12.84208644,20.15,502099.38785891,2023-06-15 10:00:00+00:00,26000,24923.51
2023-06-15,11,BTC-230825-26000-C,BTCUSDT,C,230825-26000,1885.0,1885.0,1370.0,1370.0,0.01,0.01,1430.0,1470.0,2.0,15.0,,0.42956233,1449.0,0.4249838,0.45513149,8.465e-05,43.68401671,-13.10470332,20.15,504032.14504109,2023-06-15 11:00:00+00:00,26000,25014.97
2023-06-15,12,BTC-230825-26000-C,BTCUSDT,C,230825-26000,1885.0,1885.0,1370.0,1370.0,0.01,0.01,1415.0,1465.0,17.0,15.0,,0.43498874,1439.0,0.42924285,0.45109109,8.394e-05,43.51088261,-13.19133526,20.15,502642.4351,2023-06-15 12:00:00+00:00,26000,24954.45
2023-06-15,13,BTC-230825-26000-C,BTCUSDT,C,230825-26000,1885.0,1885.0,1370.0,1370.0,0.01,0.01,1460.0,1515.0,15.0,15.0,,0.43577909,1487.0,0.42949855,0.45976947,8.377e-05,43.78490965,-13.29014295,20.15,505045.86199998,2023-06-15 13:00:00+00:00,26000,25055.22
2023-06-15,14,BTC-230825-26000-C,BTCUSDT,C,230825-26000,1885.0,1885.0,1370.0,1370.0,0.01,0.01,1445.0,1500.0,15.0,15.0,,0.43719351,1472.0,0.4308939,0.45636028,8.36e-05,43.65412812,-13.30132777,20.15,503855.75428575,2023-06-15 14:00:00+00:00,26000,25014.62
2023-06-15,15,BTC-230825-26000-C,BTCUSDT,C,230825-26000,1885.0,1885.0,1370.0,1370.0,0.01,0.01,1430.0,1485.0,17.0,18.5,,0.43919683,1457.0,0.43287575,0.4526394,8.332e-05,43.50593454,-13.32499604,20.15,502959.93621427,2023-06-15 15:00:00+00:00,26000,24959.95
2023-06-15,16,BTC-230825-26000-C,BTCUSDT,C,230825-26000,1885.0,1885.0,1370.0,1370.0,0.01,0.01,1430.0,1480.0,17.0,15.0,,0.43404758,1454.0,0.42831182,0.45462827,8.415e-05,43.58745267,-13.21700413,20.15,503544.54085707,2023-06-15 16:00:00+00:00,26000,24999.99
2023-06-15,17,BTC-230825-26000-C,BTCUSDT,C,230825-26000,1885.0,1885.0,1370.0,1370.0,0.01,0.01,1480.0,1555.0,3.0,15.0,,0.43643117,1517.0,0.42789847,0.46632956,8.403e-05,43.9484678,-13.32147265,20.15,506629.32871419,2023-06-15 17:00:00+00:00,26000,25144.72
2023-06-15,18,BTC-230825-26000-C,BTCUSDT,C,230825-26000,1885.0,1885.0,1370.0,1370.0,0.01,0.01,1615.0,1670.0,15.0,15.0,,0.43589711,1642.0,0.4297179,0.48732113,8.314e-05,44.50236532,-13.55472635,20.15,510609.34564277,2023-06-15 18:00:00+00:00,26000,25389.97
2023-06-15,19,BTC-230825-26000-C,BTCUSDT,C,230825-26000,1370.0,1370.0,1370.0,1370.0,0.01,0.01,1650.0,1710.0,8.0,8.0,,0.43724537,1679.0,0.43052346,0.49328988,8.281e-05,44.62867064,-13.62672789,20.15,512648.6695714,2023-06-15 19:00:00+00:00,26000,25455.49
2023-06-15,20,BTC-230825-26000-C,BTCUSDT,C,230825-26000,1370.0,1370.0,1370.0,1370.0,0.01,0.01,1705.0,1770.0,8.0,8.0,,0.43864846,1737.0,0.43139607,0.50240809,8.233e-05,44.81168083,-13.71844804,20.15,513774.37478576,2023-06-15 20:00:00+00:00,26000,25566.0
2023-06-15,21,BTC-230825-26000-C,BTCUSDT,C,230825-26000,1370.0,1370.0,1370.0,1370.0,0.01,0.01,1710.0,1765.0,11.0,8.0,,0.43652594,1737.0,0.43038964,0.50304973,8.251e-05,44.81564916,-13.69575484,20.15,515447.97178562,2023-06-15 21:00:00+00:00,26000,25574.6
2023-06-15,22,BTC-230825-26000-C,BTCUSDT,C,230825-26000,1370.0,1370.0,1370.0,1370.0,0.01,0.01,1740.0,1795.0,8.0,8.0,,0.43756306,1767.0,0.4314363,0.50741654,8.216e-05,44.88565974,-13.75864994,20.15,516515.65164284,2023-06-15 22:00:00+00:00,26000,25629.3
2023-06-15,23,BTC-230825-26000-C,BTCUSDT,C,230825-26000,1370.0,1370.0,1370.0,1370.0,0.01,0.01,1725.0,1780.0,8.0,8.0,,0.43777883,1752.0,0.43164372,0.50493548,8.225e-05,44.82356649,-13.75436588,20.15,515784.69378581,2023-06-15 23:00:00+00:00,26000,25598.49
2023-06-16,0,BTC-230825-26000-C,BTCUSDT,C,230825-26000,1370.0,1370.0,1370.0,1370.0,0.01,0.01,1670.0,1725.0,8.0,9.5,,0.43689489,1697.0,0.43073416,0.49645638,8.277e-05,44.63586988,-13.67600994,20.15,513855.12092847,2023-06-16 00:00:00+00:00,26000,25496.59
2023-06-16,1,BTC-230825-26000-C,BTCUSDT,C,230825-26000,1370.0,1370.0,1370.0,1370.0,0.01,0.01,1660.0,1715.0,15.0,15.0,,0.43234587,1687.0,0.42618841,0.49742366,8.361e-05,44.66172753,-13.54754981,20.15,514210.69535712,2023-06-16 01:00:00+00:00,26000,25517.48
2023-06-16,2,BTC-230825-26000-C,BTCUSDT,C,230825-26000,1370.0,1370.0,1370.0,1370.0,0.01,0.01,1660.0,1715.0,15.0,15.0,,0.42851806,1687.0,0.42236745,0.49968947,8.428e-05,44.7113014,-13.44897002,20.15,514917.68578576,2023-06-16 02:00:00+00:00,26000,25554.88
2023-06-16,3,BTC-230825-26000-C,BTCUSDT,C,230825-26000,1370.0,1370.0,1370.0,1370.0,0.01,0.01,1670.0,1720.0,2.0,15.0,,0.42878687,1694.0,0.42319566,0.50054549,8.411e-05,44.71323851,-13.48392781,20.15,515319.40149992,2023-06-16 03:00:00+00:00,26000,25561.74
2023-06-16,4,BTC-230825-26000-C,BTCUSDT,C,230825-26000,1370.0,1370.0,1370.0,1370.0,0.01,0.01,1640.0,1690.0,2.0,15.0,,0.42584538,1664.0,0.42024493,0.49724707,8.483e-05,44.64196023,-13.37650941,20.15,514561.92314282,2023-06-16 04:00:00+00:00,26000,25528.77
2023-06-16,5,BTC-230825-26000-C,BTCUSDT,C,230825-26000,1370.0,1370.0,1370.0,1370.0,0.01,0.01,1645.0,1700.0,19.0,16.0,,0.42560101,1672.0,0.41944504,0.49906303,8.494e-05,44.67044477,-13.36751009,20.15,514660.10457134,2023-06-16 05:00:00+00:00,26000,25553.04
2023-06-16,6,BTC-230825-26000-C,BTCUSDT,C,230825-26000,1370.0,1370.0,1370.0,1370.0,0.01,0.01,1665.0,1715.0,1.0,15.0,,0.42613149,1690.0,0.42053908,0.50146417,8.466e-05,44.70299139,-13.42012027,20.15,515476.06885717,2023-06-16 06:00:00+00:00,26000,25578.58
2023-06-16,7,BTC-230825-26000-C,BTCUSDT,C,230825-26000,1370.0,1370.0,1370.0,1370.0,0.01,0.01,1640.0,1695.0,15.0,15.0,,0.42664409,1667.0,0.42047977,0.49775465,8.484e-05,44.61348451,-13.399332,20.15,514572.46535724,2023-06-16 07:00:00+00:00,26000,25537.01
2023-06-16,8,BTC-230825-26000-C,BTCUSDT,C,230825-26000,1370.0,1370.0,1370.0,1370.0,0.01,0.01,1625.0,1680.0,16.0,16.0,,0.42234719,1652.0,0.41618347,0.49776798,8.571e-05,44.61678747,-13.27130418,20.15,514761.12692861,2023-06-16 08:00:00+00:00,26000,25545.25
2023-06-16,9,BTC-230825-26000-C,BTCUSDT,C,230825-26000,1370.0,1370.0,1370.0,1370.0,0.01,0.01,1640.0,1680.0,1.0,15.0,,0.41684508,1660.0,0.41236997,0.50139565,8.636e-05,44.6915813,-13.17959201,20.15,515776.64707151,2023-06-16 09:00:00+00:00,26000,25595.95
2023-06-16,10,BTC-230825-26000-C,BTCUSDT,C,230825-26000,1370.0,1370.0,1370.0,1370.0,0.0,0.0,1625.0,1665.0,1.0,15.0,,0.41659296,1644.0,0.41211188,0.49903101,8.653e-05,44.63199443,-13.16162577,20.15,515270.25099991,2023-06-16 10:00:00+00:00,26000,25570.0
2023-06-16,11,BTC-230825-26000-C,BTCUSDT,C,230825-26000,1370.0,1370.0,1370.0,1370.0,0.0,0.0,1550.0,1600.0,1.0,15.0,,0.41259885,1574.0,0.40697336,0.48982539,8.794e-05,44.44000901,-12.94932951,20.15,513371.78221433,2023-06-16 11:00:00+00:00,26000,25474.51
2023-06-16,12,BTC-230825-26000-C,BTCUSDT,C,230825-26000,1370.0,1370.0,1370.0,1370.0,0.0,0.0,1615.0,1670.0,15.0,15.0,,0.41783571,1642.0,0.4116708,0.49900755,8.667e-05,44.60734057,-13.1559666,20.15,515285.2970714,2023-06-16 12:00:00+00:00,26000,25569.99
2023-06-16,13,BTC-230825-26000-C,BTCUSDT,C,230825-26000,1370.0,1370.0,1370.0,1370.0,0.0,0.0,1550.0,1725.0,2.96,1.5,,0.43910503,1637.0,0.4194203,0.49365374,8.534e-05,44.45163555,-13.36481384,20.15,513798.48171421,2023-06-16 13:00:00+00:00,26000,25492.64
2023-06-16,14,BTC-230825-26000-C,BTCUSDT,C,230825-26000,1370.0,1370.0,1370.0,1370.0,0.0,0.0,1640.0,1810.0,4.27,1.5,,0.44512391,1725.0,0.4260844,0.50468855,8.366e-05,44.64479007,-13.6443123,20.15,516765.99435724,2023-06-16 14:00:00+00:00,26000,25616.01
2023-06-16,15,BTC-230825-26000-C,BTCUSDT,C,230825-26000,1370.0,1370.0,1370.0,1370.0,0.0,0.0,1760.0,1850.0,16.0,16.0,,0.42919397,1805.0,0.41918188,0.52191983,8.422e-05,44.94514774,-13.52166642,20.15,519549.2651428,2023-06-16 15:00:00+00:00,26000,25840.01
2023-06-16,16,BTC-230825-26000-C,BTCUSDT,C,230825-26000,1370.0,1370.0,1370.0,1370.0,0.0,0.0,1865.0,1915.0,3.0,15.0,,0.42792022,1890.0,0.42237371,0.53353167,8.301e-05,45.07483197,-13.67211557,20.15,523040.7774286,2023-06-16 16:00:00+00:00,26000,25959.77
2023-06-16,17,BTC-230825-26000-C,BTCUSDT,C,230825-26000,1370.0,1370.0,1370.0,1370.0,0.0,0.0,2050.0,2285.0,2.07,1.5,,0.46693206,2167.0,0.44097245,0.56309306,7.775e-05,45.26293647,-14.34230029,20.15,529967.9975714,2023-06-16 17:00:00+00:00,26000,26320.99
2023-06-16,18,BTC-230825-26000-C,BTCUSDT,C,230825-26000,1370.0,1370.0,1370.0,1370.0,0.0,0.0,2170.0,2240.0,5.0,5.0,,0.45102715,2205.0,0.44329464,0.56692871,7.71e-05,45.26104332,-14.42586562,20.15,531421.83557139,2023-06-16 18:00:00+00:00,26000,26361.4
2023-06-16,19,BTC-230825-26000-C,BTCUSDT,C,230825-26000,1370.0,1370.0,1370.0,1370.0,0.0,0.0,2185.0,2250.0,5.0,5.0,,0.45105159,2217.0,0.44386953,0.56836229,7.692e-05,45.25111195,-14.45005982,20.15,531705.23978578,2023-06-16 19:00:00+00:00,26000,26382.43
2023-06-16,20,BTC-230825-26000-C,BTCUSDT,C,230825-26000,1370.0,1370.0,1370.0,1370.0,0.0,0.0,2200.0,2265.0,5.0,5.0,,0.4507041,2232.0,0.44352055,0.57067394,7.684e-05,45.24262411,-14.44465267,20.15,532181.96442866,2023-06-16 20:00:00+00:00,26000,26412.13
2023-06-16,21,BTC-230825-26000-C,BTCUSDT,C,230825-26000,1370.0,1370.0,1370.0,1370.0,0.0,0.0,2100.0,2295.0,3.0,1.5,,0.47185063,2197.0,0.45027852,0.56205456,7.632e-05,45.19789655,-14.65904341,20.15,529890.30935723,2023-06-16 21:00:00+00:00,26000,26297.84
2023-06-16,22,BTC-230825-26000-C,BTCUSDT,C,230825-26000,1370.0,1370.0,1370.0,1370.0,0.0,0.0,2175.0,2240.0,5.0,6.5,,0.45078874,2207.0,0.44359952,0.56740345,7.711e-05,45.20820734,-14.45357537,20.15,531392.19292855,2023-06-16 22:00:00+00:00,26000,26370.51
2023-06-16,23,BTC-230825-26000-C,BTCUSDT,C,230825-26000,1370.0,1370.0,1370.0,1370.0,0.0,0.0,2165.0,2225.0,5.0,1.5,,0.45061886,2195.0,0.4439801,0.56555433,7.72e-05,45.18897263,-14.46851043,20.15,530903.53328572,2023-06-16 23:00:00+00:00,26000,26345.0
2023-06-17,0,BTC-230825-26000-C,BTCUSDT,C,230825-26000,1370.0,1370.0,1370.0,1370.0,0.0,0.0,2120.0,2185.0,10.0,10.0,,0.44537067,2152.0,0.4381758,0.56323418,7.84e-05,45.17089914,-14.28223075,20.15,530351.47421424,2023-06-17 00:00:00+00:00,26000,26313.11
2023-06-17,1,BTC-230825-26000-C,BTCUSDT,C,230825-26000,1370.0,1370.0,1370.0,1370.0,0.0,0.0,2055.0,2115.0,10.0,1.5,,0.44475675,2085.0,0.43810636,0.55383893,7.907e-05,45.11063645,-14.269497,20.15,528013.12871438,2023-06-17 01:00:00+00:00,26000,26198.47
2023-06-17,2,BTC-230825-26000-C,BTCUSDT,C,230825-26000,1370.0,1370.0,1370.0,1370.0,0.0,0.0,2095.0,2160.0,10.0,1.5,,0.44528365,2127.0,0.43808222,0.55995142,7.869e-05,45.13051217,-14.28359175,20.15,529470.26821428,2023-06-17 02:00:00+00:00,26000,26276.67
2023-06-17,3,BTC-230825-26000-C,BTCUSDT,C,230825-26000,1370.0,1370.0,1370.0,1370.0,0.0,0.0,2090.0,2155.0,10.0,1.5,,0.44620633,2122.0,0.43900192,0.55877835,7.863e-05,45.11070869,-14.31591398,20.15,529137.80649998,2023-06-17 03:00:00+00:00,26000,26262.16
2023-06-17,4,BTC-230825-26000-C,BTCUSDT,C,230825-26000,1370.0,1370.0,1370.0,1370.0,0.0,0.0,2070.0,2295.0,2.86,1.5,,0.46539903,2182.0,0.44046819,0.56632897,7.787e-05,45.12556621,-14.3771235,20.15,531056.0178572,2023-06-17 04:00:00+00:00,26000,26358.49
2023-06-17,5,BTC-230825-26000-C,BTCUSDT,C,230825-26000,1370.0,1370.0,1370.0,1370.0,0.0,0.0,1530.0,2480.0,3.0,1.5,,0.46373367,2003.0,0.35788745,0.59725741,9.313e-05,44.94102688,-11.64088782,20.15,537556.80200006,2023-06-17 05:00:00+00:00,26000,26690.45
2023-06-17,6,BTC-230825-26000-C,BTCUSDT,C,230825-26000,1370.0,1370.0,1370.0,1370.0,0.0,0.0,2305.0,2370.0,16.0,16.0,,0.44296741,2337.0,0.43575823,0.59011527,7.692e-05,45.07894658,-14.22584344,20.15,537408.16807142,2023-06-17 06:00:00+00:00,26000,26665.12
2023-06-17,7,BTC-230825-26000-C,BTCUSDT,C,230825-26000,1370.0,1370.0,1370.0,1370.0,0.0,0.0,2265.0,2330.0,15.0,15.0,,0.44336796,2297.0,0.43615937,0.58469653,7.732e-05,45.08514655,-14.24949705,20.15,535787.6275715,2023-06-17 07:00:00+00:00,26000,26593.57
2023-06-17,8,BTC-230825-26000-C,BTCUSDT,C,230825-26000,1370.0,1370.0,1370.0,1370.0,0.0,0.0,2265.0,2320.0,15.0,2.5,,0.4403758,2292.0,0.43427408,0.58528478,7.763e-05,45.06879231,-14.19132683,20.15,536119.80807139,2023-06-17 08:00:00+00:00,26000,26601.01
2023-06-17,9,BTC-230825-26000-C,BTCUSDT,C,230825-26000,1370.0,1370.0,1370.0,1370.0,0.0,0.0,2260.0,2320.0,15.0,2.5,,0.44118404,2289.0,0.43452561,0.58487788,7.764e-05,45.05646818,-14.2042438,20.15,535944.57835723,2023-06-17 09:00:00+00:00,26000,26596.09
2023-06-17,10,BTC-230825-26000-C,BTCUSDT,C,230825-26000,1370.0,1370.0,1370.0,1370.0,0.0,0.0,2260.0,2320.0,15.0,1.5,,0.4424566,2289.0,0.43579668,0.58417195,7.749e-05,45.04537804,-14.25090585,20.15,535966.78985718,2023-06-17 10:00:00+00:00,26000,26588.77
2023-06-17,11,BTC-230825-26000-C,BTCUSDT,C,230825-26000,1370.0,1370.0,1370.0,1370.0,0.0,0.0,2210.0,2270.0,15.0,1.5,,0.44139862,2240.0,0.4347381,0.57821099,7.817e-05,45.04230692,-14.22392515,20.15,534365.91442857,2023-06-17 11:00:00+00:00,26000,26507.76
2023-06-17,12,BTC-230825-26000-C,BTCUSDT,C,230825-26000,1370.0,1370.0,1370.0,1370.0,0.0,0.0,2075.0,2345.0,5.67,1.5,,0.4567337,2209.0,0.42675018,0.57918823,7.959e-05,45.02554245,-13.96583059,20.15,534385.07242855,2023-06-17 12:00:00+00:00,26000,26521.05
2023-06-17,13,BTC-230825-26000-C,BTCUSDT,C,230825-26000,1370.0,1370.0,1370.0,1370.0,0.0,0.0,2135.0,2375.0,3.0,1.5,,0.45965075,2254.0,0.4329893,0.58147846,7.828e-05,45.00957152,-14.17357058,20.15,535026.48235709,2023-06-17 13:00:00+00:00,26000,26551.15
2023-06-17,14,BTC-230825-26000-C,BTCUSDT,C,230825-26000,1370.0,1370.0,1370.0,1370.0,0.0,0.0,2070.0,2360.0,2.15,1.5,,0.46351194,2214.0,0.43128997,0.57719005,7.895e-05,45.00173166,-14.12404531,20.15,533959.42250006,2023-06-17 14:00:00+00:00,26000,26496.62
2023-06-17,15,BTC-230825-26000-C,BTCUSDT,C,230825-26000,1370.0,1370.0,1370.0,1370.0,0.0,0.0,2085.0,2305.0,3.0,1.5,,0.46220541,2195.0,0.4377532,0.57056138,7.83e-05,44.98610431,-14.33942317,20.15,532335.65578565,2023-06-17 15:00:00+00:00,26000,26410.82
2023-06-17,16,BTC-230825-26000-C,BTCUSDT,C,230825-26000,1370.0,1370.0,1370.0,1370.0,0.0,0.0,2030.0,2335.0,2.43,1.5,,0.46082973,2182.0,0.42692095,0.5756093,7.993e-05,44.97503654,-13.98963852,20.15,533681.99021431,2023-06-17 16:00:00+00:00,26000,26473.14
2023-06-17,17,BTC-230825-26000-C,BTCUSDT,C,230825-26000,1370.0,1370.0,1370.0,1370.0,0.0,0.0,2060.0,2290.0,5.13,1.5,,0.45764148,2175.0,0.43206334,0.57144448,7.932e-05,44.96089476,-14.1622973,20.15,532445.72792866,2023-06-17 17:00:00+00:00,26000,26423.42
2023-06-17,18,BTC-230825-26000-C,BTCUSDT,C,230825-26000,1370.0,1370.0,1370.0,1370.0,0.0,0.0,2115.0,2350.0,6.8,1.5,,0.45867562,2232.0,0.43253213,0.57912904,7.867e-05,44.94504928,-14.18128245,20.15,534335.49235713,2023-06-17 18:00:00+00:00,26000,26521.43
2023-06-17,19,BTC-230825-26000-C,BTCUSDT,C,230825-26000,1370.0,1370.0,1370.0,1370.0,0.0,0.0,2095.0,2320.0,6.06,1.5,,0.45795441,2207.0,0.43291748,0.57556132,7.89e-05,44.93454422,-14.19923078,20.15,533539.52085718,2023-06-17 19:00:00+00:00,26000,26475.3
2023-06-17,20,BTC-230825-26000-C,BTCUSDT,C,230825-26000,1370.0,1370.0,1370.0,1370.0,0.0,0.0,2035.0,2360.0,2.12,1.5,,0.45855999,2197.0,0.4223752,0.58090485,8.047e-05,44.91090601,-13.85459276,20.15,534814.59292863,2023-06-17 20:00:00+00:00,26000,26541.86
2023-06-17,21,BTC-230825-26000-C,BTCUSDT,C,230825-26000,1370.0,1370.0,1370.0,1370.0,0.0,0.0,2030.0,2345.0,2.73,1.5,,0.45770526,2187.0,0.42262614,0.57943935,8.057e-05,44.90054243,-13.86806793,20.15,534328.431,2023-06-17 21:00:00+00:00,26000,26525.4
2023-06-17,22,BTC-230825-26000-C,BTCUSDT,C,230825-26000,1370.0,1370.0,1370.0,1370.0,0.0,0.0,2030.0,2375.0,2.73,1.5,,0.45846105,2202.0,0.42001843,0.58328026,8.079e-05,44.87549817,-13.78320534,20.15,535384.79364276,2023-06-17 22:00:00+00:00,26000,26570.15
2023-06-17,23,BTC-230825-26000-C,BTCUSDT,C,230825-26000,1370.0,1370.0,1370.0,1370.0,0.0,0.0,2030.0,2330.0,2.73,1.5,,0.45552135,2179.0,0.42209327,0.57890162,8.076e-05,44.87397564,-13.8592683,20.15,534336.10792855,2023-06-17 23:00:00+00:00,26000,26516.99
2023-06-18,0,BTC-230825-26000-C,BTCUSDT,C,230825-26000,1370.0,1370.0,1370.0,1370.0,0.0,0.0,2080.0,2305.0,2.18,1.5,,0.45828104,2192.0,0.43320596,0.57372881,7.91e-05,44.86631286,-14.23039727,20.15,533053.1640714,2023-06-18 00:00:00+00:00,26000,26453.96
2023-06-18,1,BTC-230825-26000-C,BTCUSDT,C,230825-26000,1370.0,1370.0,1370.0,1370.0,0.0,0.0,2165.0,2235.0,15.0,16.5,,0.43792963,2199.0,0.43012619,0.57675664,7.946e-05,44.85137652,-14.13314904,20.15,533722.92792857,2023-06-18 01:00:00+00:00,26000,26492.12
2023-06-18,2,BTC-230825-26000-C,BTCUSDT,C,230825-26000,1370.0,1370.0,1370.0,1370.0,0.0,0.0,2160.0,2225.0,15.0,15.0,,0.43769598,2192.0,0.43044806,0.57560303,7.952e-05,44.83851094,-14.14830536,20.15,533499.03485717,2023-06-18 02:00:00+00:00,26000,26475.52
2023-06-18,3,BTC-230825-26000-C,BTCUSDT,C,230825-26000,1370.0,1370.0,1370.0,1370.0,0.0,0.0,2200.0,2265.0,15.0,15.0,,0.43764889,2232.0,0.43039709,0.5812024,7.912e-05,44.81721709,-14.14855503,20.15,534908.51628575,2023-06-18 03:00:00+00:00,26000,26548.45
2023-06-18,4,BTC-230825-26000-C,BTCUSDT,C,230825-26000,1370.0,1370.0,1370.0,1370.0,0.0,0.0,2195.0,2260.0,15.0,15.0,,0.43828368,2227.0,0.43103039,0.58020714,7.91e-05,44.80569986,-14.17439401,20.15,534673.97028575,2023-06-18 04:00:00+00:00,26000,26535.51
2023-06-18,5,BTC-230825-26000-C,BTCUSDT,C,230825-26000,1370.0,1370.0,1370.0,1370.0,0.0,0.0,2190.0,2260.0,15.0,15.0,,0.43753266,2225.0,0.42971849,0.58077114,7.932e-05,44.7903996,-14.13507212,20.15,534969.79885715,2023-06-18 05:00:00+00:00,26000,26540.01
2023-06-18,6,BTC-230825-26000-C,BTCUSDT,C,230825-26000,1370.0,1370.0,1370.0,1370.0,0.0,0.0,2195.0,2265.0,15.0,15.0,,0.43853045,2230.0,0.43071389,0.58091134,7.915e-05,44.77669951,-14.17215669,20.15,534872.54742851,2023-06-18 06:00:00+00:00,26000,26544.02
2023-06-18,7,BTC-230825-26000-C,BTCUSDT,C,230825-26000,1370.0,1370.0,1370.0,1370.0,0.0,0.0,2220.0,2285.0,15.0,15.0,,0.43778062,2252.0,0.43051898,0.5841696,7.895e-05,44.75443791,-14.16737639,20.15,535699.20007146,2023-06-18 07:00:00+00:00,26000,26584.98
2023-06-18,8,BTC-230825-26000-C,BTCUSDT,C,230825-26000,1370.0,1370.0,1370.0,1370.0,0.0,0.0,2170.0,2230.0,15.0,1.5,,0.43653965,2200.0,0.42983651,0.57751417,7.963e-05,44.75446549,-14.15359906,20.15,533998.87885724,2023-06-18 08:00:00+00:00,26000,26499.32
2023-06-18,9,BTC-230825-26000-C,BTCUSDT,C,230825-26000,1370.0,1370.0,1370.0,1370.0,0.0,0.0,2185.0,2250.0,15.0,1.5,,0.43765426,2217.0,0.43038964,0.57965472,7.938e-05,44.73773481,-14.17520571,20.15,534525.82128579,2023-06-18 09:00:00+00:00,26000,26527.34
2023-06-18,10,BTC-230825-26000-C,BTCUSDT,C,230825-26000,1370.0,1370.0,1370.0,1370.0,0.0,0.0,2175.0,2240.0,15.0,16.5,,0.43808103,2207.0,0.43081462,0.57809944,7.945e-05,44.72645097,-14.19433213,20.15,534014.36557136,2023-06-18 10:00:00+00:00,26000,26508.0
2023-06-18,11,BTC-230825-26000-C,BTCUSDT,C,230825-26000,1370.0,1370.0,1370.0,1370.0,0.0,0.0,2170.0,2230.0,15.0,1.5,,0.43691754,2199.0,0.43020785,0.57752929,7.963e-05,44.71326452,-14.17886539,20.15,533989.86671433,2023-06-18 11:00:00+00:00,26000,26500.0
2023-06-18,12,BTC-230825-26000-C,BTCUSDT,C,230825-26000,1370.0,1370.0,1370.0,1370.0,0.0,0.0,2190.0,2255.0,15.0,16.5,,0.43818116,2222.0,0.4309094,0.58026184,7.931e-05,44.69546626,-14.20505941,20.15,534684.84685718,2023-06-18 12:00:00+00:00,26000,26534.97
2023-06-18,13,BTC-230825-26000-C,BTCUSDT,C,230825-26000,1370.0,1370.0,1370.0,1370.0,0.0,0.0,2025.0,2230.0,3.0,16.5,,0.43876529,2127.0,0.41582584,0.57670354,8.251e-05,44.68350169,-13.71258188,20.15,533850.49735712,2023-06-18 13:00:00+00:00,26000,26486.0
2023-06-18,14,BTC-230825-26000-C,BTCUSDT,C,230825-26000,1370.0,1370.0,1370.0,1370.0,0.0,0.0,2020.0,2265.0,4.32,1.5,,0.43887079,2142.0,0.41143745,0.58181918,8.301e-05,44.65510408,-13.56759072,20.15,534896.2978571,2023-06-18 14:00:00+00:00,26000,26549.99
2023-06-18,15,BTC-230825-26000-C,BTCUSDT,C,230825-26000,1370.0,1370.0,1370.0,1370.0,0.0,0.0,2160.0,2225.0,18.0,15.0,,0.42850614,2192.0,0.42122662,0.58253399,8.104e-05,44.64429253,-13.89558714,20.15,535197.0443572,2023-06-18 15:00:00+00:00,26000,26562.09
2023-06-18,16,BTC-230825-26000-C,BTCUSDT,C,230825-26000,1370.0,1370.0,1370.0,1370.0,0.0,0.0,2195.0,2265.0,15.0,15.0,,0.42999506,2229.0,0.4221499,0.58719947,8.05e-05,44.61352105,-13.92501801,20.15,536194.83471438,2023-06-18 16:00:00+00:00,26000,26620.12
2023-06-18,17,BTC-230825-26000-C,BTCUSDT,C,230825-26000,1370.0,1370.0,1370.0,1370.0,0.0,0.0,2220.0,2465.0,3.57,1.5,,0.47347784,2342.0,0.44601947,0.58735873,7.618e-05,44.61452779,-14.72178397,20.15,536633.46478564,2023-06-18 17:00:00+00:00,26000,26630.0
2023-06-18,18,BTC-230825-26000-C,BTCUSDT,C,230825-26000,1370.0,1370.0,1370.0,1370.0,0.0,0.0,2220.0,2460.0,7.43,1.5,,0.47375083,2339.0,0.44684619,0.58661939,7.612e-05,44.60348811,-14.75451833,20.15,536396.79085718,2023-06-18 18:00:00+00:00,26000,26620.87
2023-06-18,19,BTC-230825-26000-C,BTCUSDT,C,230825-26000,1370.0,1370.0,1370.0,1370.0,0.0,0.0,2055.0,2490.0,2.98,1.5,,0.47684312,2272.0,0.42803288,0.58942762,7.928e-05,44.56622004,-14.1302252,20.15,536912.53121422,2023-06-18 19:00:00+00:00,26000,26650.0
2023-06-18,20,BTC-230825-26000-C,BTCUSDT,C,230825-26000,1370.0,1370.0,1370.0,1370.0,0.0,0.0,2155.0,2395.0,5.27,1.5,,0.47864556,2275.0,0.45173407,0.5753599,7.621e-05,44.59139458,-14.93028921,20.15,533448.61335721,2023-06-18 20:00:00+00:00,26000,26473.74
2023-06-18,21,BTC-230825-26000-C,BTCUSDT,C,230825-26000,1370.0,1370.0,1370.0,1370.0,0.0,0.0,2150.0,2355.0,2.0,1.94,,0.47777772,2252.0,0.45478046,0.57067603,7.607e-05,44.57129431,-15.03348595,20.15,532237.24407145,2023-06-18 21:00:00+00:00,26000,26415.34
2023-06-18,22,BTC-230825-26000-C,BTCUSDT,C,230825-26000,1370.0,1370.0,1370.0,1370.0,0.0,0.0,2130.0,2345.0,5.92,1.5,,0.47658324,2237.0,0.45245647,0.57010127,7.652e-05,44.55720202,-14.96118075,20.15,532137.71414287,2023-06-18 22:00:00+00:00,26000,26402.26
2023-06-18,23,BTC-230825-26000-C,BTCUSDT,C,230825-26000,1370.0,1370.0,1370.0,1370.0,0.0,0.0,2090.0,2300.0,3.0,1.5,,0.47470927,2195.0,0.45112997,0.56520413,7.712e-05,44.53095456,-14.91775609,20.15,530773.02771422,2023-06-18 23:00:00+00:00,26000,26339.97
2023-06-19,0,BTC-230825-26000-C,BTCUSDT,C,230825-26000,1370.0,1370.0,1370.0,1370.0,0.0,0.0,2065.0,2290.0,4.11,1.5,,0.46925664,2177.0,0.44399023,0.56708543,7.824e-05,44.52620162,-14.68918271,20.15,531058.53992852,2023-06-19 00:00:00+00:00,26000,26366.1
2023-06-19,1,BTC-230825-26000-C,BTCUSDT,C,230825-26000,1370.0,1370.0,1370.0,1370.0,0.0,0.0,2090.0,2335.0,5.56,1.5,,0.47043324,2212.0,0.44291794,0.57260765,7.805e-05,44.52174872,-14.66132191,20.15,532798.44592857,2023-06-19 01:00:00+00:00,26000,26437.43
2023-06-19,2,BTC-230825-26000-C,BTCUSDT,C,230825-26000,1370.0,1370.0,1370.0,1370.0,0.0,0.0,2170.0,2235.0,15.0,15.0,,0.44705033,2202.0,0.43974876,0.57323537,7.859e-05,44.50870556,-14.56117413,20.15,532900.26542851,2023-06-19 02:00:00+00:00,26000,26446.33
2023-06-19,3,BTC-230825-26000-C,BTCUSDT,C,230825-26000,1370.0,1370.0,1370.0,1370.0,0.0,0.0,2145.0,2210.0,15.0,15.0,,0.44724226,2177.0,0.43993771,0.56976026,7.884e-05,44.49154191,-14.57084645,20.15,531696.58192863,2023-06-19 03:00:00+00:00,26000,26403.36
2023-06-19,4,BTC-230825-26000-C,BTCUSDT,C,230825-26000,1370.0,1370.0,1370.0,1370.0,0.0,0.0,2160.0,2225.0,15.0,15.0,,0.44735193,2192.0,0.440045,0.57184765,7.869e-05,44.4801794,-14.57972226,20.15,532530.2184286,2023-06-19 04:00:00+00:00,26000,26428.55
2023-06-19,5,BTC-230825-26000-C,BTCUSDT,C,230825-26000,1370.0,1370.0,1370.0,1370.0,0.0,0.0,2180.0,2245.0,15.0,15.0,,0.44722915,2212.0,0.43992043,0.57474839,7.852e-05,44.4676658,-14.5805449,20.15,533308.80557146,2023-06-19 05:00:00+00:00,26000,26465.59
2023-06-19,6,BTC-230825-26000-C,BTCUSDT,C,230825-26000,1370.0,1370.0,1370.0,1370.0,0.0,0.0,2165.0,2225.0,1.0,16.5,,0.44775963,2194.0,0.44101119,0.57177271,7.857e-05,44.45238981,-14.62075671,20.15,532501.80028575,2023-06-19 06:00:00+00:00,26000,26427.98
2023-06-19,7,BTC-230825-26000-C,BTCUSDT,C,230825-26000,1370.0,1370.0,1370.0,1370.0,0.0,0.0,2160.0,2225.0,15.0,15.0,,0.4478848,2192.0,0.44057131,0.5717773,7.867e-05,44.43866589,-14.61074461,20.15,532538.05478576,2023-06-19 07:00:00+00:00,26000,26428.01
2023-06-19,8,BTC-230825-26000-C,BTCUSDT,C,230825-26000,1370.0,1370.0,1370.0,1370.0,0.0,0.0,2155.0,2215.0,16.0,2.5,,0.4471153,2185.0,0.44036239,0.57095309,7.88e-05,44.42407993,-14.60810763,20.15,532298.21442847,2023-06-19 08:00:00+00:00,26000,26417.25
2023-06-19,9,BTC-230825-26000-C,BTCUSDT,C,230825-26000,1370.0,1370.0,1370.0,1370.0,0.0,0.0,2145.0,2200.0,16.0,2.5,,0.44619799,2172.0,0.44000506,0.5695223,7.899e-05,44.40849946,-14.60022013,20.15,531919.1486428,2023-06-19 09:00:00+00:00,26000,26401.03
2023-06-19,10,BTC-230825-26000-C,BTCUSDT,C,230825-26000,1370.0,1370.0,1370.0,1370.0,0.0,0.0,2130.0,2190.0,15.0,2.5,,0.44674158,2160.0,0.43998361,0.56788013,7.914e-05,44.39188023,-14.60313733,20.15,531476.07449992,2023-06-19 10:00:00+00:00,26000,26377.99
2023-06-19,11,BTC-230825-26000-C,BTCUSDT,C,230825-26000,1370.0,1370.0,1370.0,1370.0,0.0,0.0,2130.0,2180.0,1.0,15.0,,0.43583512,2154.0,0.43020248,0.57326538,8.056e-05,44.38472162,-14.2850979,20.15,532899.60557142,2023-06-19 11:00:00+00:00,26000,26447.73
2023-06-19,12,BTC-230825-26000-C,BTCUSDT,C,230825-26000,1370.0,1370.0,1370.0,1370.0,0.0,0.0,2200.0,2230.0,4.0,15.0,,0.43650031,2215.0,0.43311954,0.57985968,7.953e-05,44.36502886,-14.38454699,20.15,534587.10828576,2023-06-19 12:00:00+00:00,26000,26531.39
2023-06-19,13,BTC-230825-26000-C,BTCUSDT,C,230825-26000,1370.0,1370.0,1370.0,1370.0,0.0,0.0,2205.0,2230.0,1.0,15.0,,0.43600082,2217.0,0.43318272,0.5802472,7.951e-05,44.3504284,-14.39088818,20.15,534650.95721436,2023-06-19 13:00:00+00:00,26000,26535.17
2023-06-19,14,BTC-230825-26000-C,BTCUSDT,C,230825-26000,1370.0,2205.0,1370.0,2205.0,1.0,1.0,2135.0,2165.0,3.0,14.0,,0.43582559,2149.0,0.43244302,0.57142066,8.035e-05,44.34267538,-14.37277495,21.15,558870.03341219,2023-06-19 14:00:00+00:00,26000,26423.23
2023-06-19,15,BTC-230825-26000-C,BTCUSDT,C,230825-26000,1370.0,2205.0,1370.0,2205.0,1.0,1.0,2120.0,2175.0,15.0,14.0,,0.43561697,2147.0,0.42941332,0.57303842,8.082e-05,44.32934485,-14.27670583,21.15,559298.10243946,2023-06-19 15:00:00+00:00,26000,26444.0
2023-06-19,16,BTC-230825-26000-C,BTCUSDT,C,230825-26000,1370.0,2205.0,1370.0,2205.0,1.0,1.0,2175.0,2230.0,15.0,15.0,,0.44082642,2202.0,0.43462038,0.57754617,7.953e-05,44.31331164,-14.45363228,21.15,560542.28489008,2023-06-19 16:00:00+00:00,26000,26499.65
2023-06-19,17,BTC-230825-26000-C,BTCUSDT,C,230825-26000,1370.0,2205.0,1370.0,2205.0,1.0,1.0,2270.0,2330.0,15.0,15.0,,0.44189394,2299.0,0.43511599,0.59050788,7.842e-05,44.26067968,-14.46197215,21.15,563675.52723637,2023-06-19 17:00:00+00:00,26000,26665.06
2023-06-19,18,BTC-230825-26000-C,BTCUSDT,C,230825-26000,1370.0,2205.0,1370.0,2205.0,1.0,1.0,2175.0,2390.0,2.5,2.04,,0.47798872,2282.0,0.45371532,0.57700599,7.627e-05,44.28776855,-15.09883715,21.15,561189.98620889,2023-06-19 18:00:00+00:00,26000,26496.0
2023-06-19,19,BTC-230825-26000-C,BTCUSDT,C,230825-26000,1370.0,2205.0,1370.0,2205.0,1.0,1.0,2330.0,2385.0,15.0,15.0,,0.45272946,2357.0,0.446513,0.59118704,7.64e-05,44.238483,-14.85192045,21.15,564234.70767025,2023-06-19 19:00:00+00:00,26000,26682.28
2023-06-19,20,BTC-230825-26000-C,BTCUSDT,C,230825-26000,1370.0,2205.0,1370.0,2205.0,1.0,1.0,2355.0,2410.0,15.0,15.0,,0.4525888,2382.0,0.44636786,0.59457682,7.617e-05,44.20721974,-14.84590242,21.15,565334.84932417,2023-06-19 20:00:00+00:00,26000,26723.99
2023-06-19,21,BTC-230825-26000-C,BTCUSDT,C,230825-26000,1370.0,2205.0,1370.0,2205.0,1.0,1.0,2385.0,2440.0,15.0,15.0,,0.4535234,2412.0,0.44729769,0.59791736,7.575e-05,44.17394507,-14.87495627,21.15,565924.81346694,2023-06-19 21:00:00+00:00,26000,26770.18
2023-06-19,22,BTC-230825-26000-C,BTCUSDT,C,230825-26000,1370.0,2205.0,1370.0,2205.0,1.0,1.0,1765.0,2565.0,3.54,1.5,,0.48387051,2163.0,0.39301813,0.60037417,8.614e-05,44.0662745,-13.04620838,21.15,565887.97295599,2023-06-19 22:00:00+00:00,26000,26754.99
2023-06-19,23,BTC-230825-26000-C,BTCUSDT,C,230825-26000,1370.0,2205.0,1370.0,2205.0,1.0,1.0,2440.0,2495.0,15.0,15.0,,0.45597553,2467.0,0.44974089,0.6034979,7.489e-05,44.10806169,-14.95265978,21.15,567906.86131322,2023-06-19 23:00:00+00:00,26000,26844.35
2023-06-20,0,BTC-230825-26000-C,BTCUSDT,C,230825-26000,1370.0,2205.0,1370.0,2205.0,1.0,1.0,2530.0,2585.0,15.0,15.0,,0.45632124,2557.0,0.4500699,0.61437721,7.387e-05,43.98866835,-14.93247439,21.15,570457.31192314,2023-06-20 00:00:00+00:00,26000,26982.28
2023-06-20,1,BTC-230825-26000-C,BTCUSDT,C,230825-26000,1370.0,2205.0,1370.0,2205.0,1.0,1.0,2475.0,2535.0,15.0,15.0,,0.45843244,2504.0,0.45162201,0.60714871,7.43e-05,44.05122077,-15.01471499,21.15,568893.93181322,2023-06-20 01:00:00+00:00,26000,26902.31
2023-06-20,2,BTC-230825-26000-C,BTCUSDT,C,230825-26000,1370.0,2205.0,1370.0,2205.0,1.0,1.0,2485.0,2535.0,15.0,15.0,,0.45569539,2509.0,0.45001566,0.60882422,7.444e-05,44.01892516,-14.95975006,21.15,569250.51616488,2023-06-20 02:00:00+00:00,26000,26914.5
2023-06-20,3,BTC-230825-26000-C,BTCUSDT,C,230825-26000,1370.0,2205.0,1370.0,2205.0,1.0,1.0,2470.0,2525.0,18.0,15.0,,0.45624018,2497.0,0.44999242,0.60739288,7.46e-05,44.01838674,-14.96821423,21.15,568813.41771426,2023-06-20 03:00:00+00:00,26000,26896.52
2023-06-20,4,BTC-230825-26000-C,BTCUSDT,C,230825-26000,1370.0,2205.0,1370.0,2205.0,1.0,1.0,2515.0,2570.0,18.0,15.0,,0.45706153,2542.0,0.45080513,0.61246588,7.402e-05,43.95479838,-14.98302081,21.15,570272.87462645,2023-06-20 04:00:00+00:00,26000,26965.94
2023-06-20,5,BTC-230825-26000-C,BTCUSDT,C,230825-26000,1370.0,2205.0,1370.0,2205.0,1.0,1.0,2425.0,2595.0,3.0,1.5,,0.48324466,2509.0,0.46395302,0.60076322,7.294e-05,44.0610397,-15.46702303,21.15,567282.09031322,2023-06-20 05:00:00+00:00,26000,26820.46
2023-06-20,6,BTC-230825-26000-C,BTCUSDT,C,230825-26000,1370.0,2205.0,1370.0,2205.0,1.0,1.0,2405.0,2580.0,2.0,1.5,,0.48377275,2492.0,0.46391279,0.5987409,7.314e-05,44.05971136,-15.47497274,21.15,566507.50991219,2023-06-20 06:00:00+00:00,26000,26789.15
2023-06-20,7,BTC-230825-26000-C,BTCUSDT,C,230825-26000,1370.0,2205.0,1370.0,2205.0,1.0,1.0,2455.0,2510.0,15.0,15.0,,0.46203613,2482.0,0.45578778,0.60239527,7.417e-05,44.01195166,-15.1970501,21.15,567506.15713182,2023-06-20 07:00:00+00:00,26000,26832.44
2023-06-20,8,BTC-230825-26000-C,BTCUSDT,C,230825-26000,1370.0,2205.0,1370.0,2205.0,1.0,1.0,2415.0,2470.0,15.0,15.0,,0.46369195,2442.0,0.45744777,0.59653627,7.442e-05,44.03829164,-15.27116714,21.15,565849.4706593,2023-06-20 08:00:00+00:00,26000,26754.25
2023-06-20,9,BTC-230825-26000-C,BTCUSDT,C,230825-26000,1370.0,2205.0,1370.0,2205.0,1.0,1.0,2430.0,2480.0,15.0,1.5,,0.46251893,2454.0,0.45683861,0.5985395,7.438e-05,44.01163234,-15.25123336,21.15,566335.75099442,2023-06-20 09:00:00+00:00,26000,26780.56
2023-06-20,10,BTC-230825-26000-C,BTCUSDT,C,230825-26000,2205.0,2205.0,2205.0,2205.0,1.0,1.0,2425.0,2475.0,15.0,15.0,,0.46231031,2449.0,0.4566288,0.59812786,7.447e-05,43.99993028,-15.24981542,21.15,566268.56836818,2023-06-20 10:00:00+00:00,26000,26775.98
2023-06-20,11,BTC-230825-26000-C,BTCUSDT,C,230825-26000,2205.0,2205.0,2205.0,2205.0,1.0,1.0,2515.0,2565.0,15.0,1.5,,0.46495914,2539.0,0.4592663,0.6076704,7.323e-05,43.91691986,-15.31865162,21.15,569096.57205496,2023-06-20 11:00:00+00:00,26000,26907.99
2023-06-20,12,BTC-230825-26000-C,BTCUSDT,C,230825-26000,2205.0,2495.0,2205.0,2495.0,1.01,1.01,2495.0,2545.0,14.99,1.5,,0.46795964,2519.0,0.46227038,0.60356376,7.313e-05,43.94073789,-15.4369839,21.14,567642.53826161,2023-06-20 12:00:00+00:00,26000,26851.99
2023-06-20,13,BTC-230825-26000-C,BTCUSDT,C,230825-26000,2205.0,2495.0,2205.0,2495.0,1.01,1.01,2475.0,2530.0,14.99,16.5,,0.47028303,2502.0,0.46402574,0.6004961,7.314e-05,43.9503434,-15.50881129,21.14,567337.23252298,2023-06-20 13:00:00+00:00,26000,26812.01
2023-06-20,14,BTC-230825-26000-C,BTCUSDT,C,230825-26000,2495.0,2495.0,2495.0,2495.0,0.01,0.01,2460.0,2510.0,14.99,1.5,,0.47004223,2484.0,0.46435416,0.59825253,7.33e-05,43.95056528,-15.52970763,21.14,565863.53989224,2023-06-20 14:00:00+00:00,26000,26780.0
2023-06-20,15,BTC-230825-26000-C,BTCUSDT,C,230825-26000,2495.0,2495.0,2495.0,2495.0,0.01,0.01,2650.0,2705.0,14.99,16.5,,0.47416329,2677.0,0.46787858,0.61908551,7.092e-05,43.75548132,-15.58800675,21.14,572297.18760003,2023-06-20 15:00:00+00:00,26000,27071.93
2023-06-20,16,BTC-230825-26000-C,BTCUSDT,C,230825-26000,2495.0,2695.0,2495.0,2695.0,1.51,1.51,2935.0,3080.0,1.5,1.5,,0.51647902,3007.0,0.4998374,0.63667063,6.468e-05,43.56707113,-16.59157917,22.64,619702.45816271,2023-06-20 16:00:00+00:00,26000,27380.54
2023-06-20,17,BTC-230825-26000-C,BTCUSDT,C,230825-26000,2495.0,2695.0,2495.0,2695.0,1.51,1.51,3220.0,3540.0,6.41,1.96,,0.56141853,3379.0,0.52436948,0.65926134,5.937e-05,43.19611076,-17.26865418,22.64,628491.49773198,2023-06-20 17:00:00+00:00,26000,27796.0
2023-06-20,18,BTC-230825-26000-C,BTCUSDT,C,230825-26000,2495.0,2695.0,2495.0,2695.0,1.51,1.51,3480.0,3795.0,3.0,1.96,,0.57589293,3636.0,0.53915024,0.67405623,5.617e-05,42.8774222,-17.63562744,22.64,635904.85377582,2023-06-20 18:00:00+00:00,26000,28070.54
2023-06-20,19,BTC-230825-26000-C,BTCUSDT,C,230825-26000,2495.0,2695.0,2495.0,2695.0,1.51,1.51,3375.0,3515.0,1.5,1.5,,0.52744389,3444.0,0.51108599,0.67233083,5.962e-05,42.79423041,-16.69582262,22.64,633187.97913853,2023-06-20 19:00:00+00:00,26000,27982.77
2023-06-20,20,BTC-230825-26000-C,BTCUSDT,C,230825-26000,2495.0,2695.0,2495.0,2695.0,1.51,1.51,2865.0,3685.0,1.5,1.5,,0.53866625,3266.0,0.4394716,0.69889241,6.646e-05,41.52735865,-13.94023549,22.64,637511.42798237,2023-06-20 20:00:00+00:00,26000,28157.99
2023-06-20,21,BTC-230825-26000-C,BTCUSDT,C,230825-26000,2495.0,2695.0,2495.0,2695.0,1.51,1.51,3515.0,3650.0,1.5,1.5,,0.53442717,3582.0,0.51856875,0.68042291,5.787e-05,42.56771844,-16.87206483,22.64,636739.07557808,2023-06-20 21:00:00+00:00,26000,28130.0
2023-06-20,22,BTC-230825-26000-C,BTCUSDT,C,230825-26000,2495.0,2695.0,2495.0,2695.0,1.51,1.51,3515.0,3760.0,1.5,1.5,,0.54741859,3637.0,0.51852703,0.68514795,5.736e-05,42.40897524,-16.81850266,22.64,638576.3165539,2023-06-20 22:00:00+00:00,26000,28213.47
2023-06-20,23,BTC-230825-26000-C,BTCUSDT,C,230825-26000,2495.0,2695.0,2495.0,2695.0,1.51,1.51,3665.0,3775.0,3.0,1.5,,0.53682089,3719.0,0.52381396,0.68927492,5.63e-05,42.28803789,-16.95234244,22.64,640916.91936701,2023-06-20 23:00:00+00:00,26000,28307.99
2023-06-21,0,BTC-230825-26000-C,BTCUSDT,C,230825-26000,2495.0,2695.0,2495.0,2695.0,1.51,1.51,3680.0,3905.0,1.5,1.5,,0.54953337,3792.0,0.52277386,0.69574972,5.569e-05,42.04976851,-16.83409009,22.64,643097.26332316,2023-06-21 00:00:00+00:00,26000,28414.0
2023-06-21,1,BTC-230825-26000-C,BTCUSDT,C,230825-26000,2495.0,4230.0,2495.0,4140.0,9.51,9.51,3550.0,4185.0,1.5,1.5,,0.55388451,3860.0,0.47496736,0.72836913,5.736e-05,40.36873223,-14.69258758,30.64,883028.35204386,2023-06-21 01:00:00+00:00,26000,28785.93
2023-06-21,2,BTC-230825-26000-C,BTCUSDT,C,230825-26000,2495.0,4230.0,2495.0,4140.0,9.51,9.51,3545.0,4180.0,1.5,1.5,,0.55301905,3855.0,0.47403455,0.72862491,5.747e-05,40.33561199,-14.66106341,30.64,882176.70145941,2023-06-21 02:00:00+00:00,26000,28789.05
2023-06-21,3,BTC-230825-26000-C,BTCUSDT,C,230825-26000,2495.0,4230.0,2495.0,4140.0,9.51,9.51,3495.0,4085.0,1.5,1.5,,0.54348111,3784.0,0.4703629,0.72525433,5.845e-05,40.46179353,-14.60234519,30.64,879718.20173188,2023-06-21 03:00:00+00:00,26000,28711.15
2023-06-21,4,BTC-230825-26000-C,BTCUSDT,C,230825-26000,2495.0,4230.0,2495.0,4140.0,9.51,9.51,3495.0,4120.0,1.5,1.5,,0.53850174,3800.0,0.46005368,0.73298818,5.877e-05,39.98684185,-14.12367798,30.64,881830.60077356,2023-06-21 04:00:00+00:00,26000,28785.53
2023-06-21,5,BTC-230825-26000-C,BTCUSDT,C,230825-26000,2495.0,4230.0,2495.0,4140.0,9.51,9.51,3495.0,4280.0,1.5,1.5,,0.54494381,3872.0,0.44327021,0.74950688,5.865e-05,38.92542196,-13.25567997,30.64,887035.03373188,2023-06-21 05:00:00+00:00,26000,28982.02
2023-06-21,6,BTC-230825-26000-C,BTCUSDT,C,230825-26000,2495.0,4230.0,2495.0,4140.0,9.51,9.51,4015.0,4165.0,3.5,1.5,,0.5379653,4089.0,0.5196476,0.72081925,5.31e-05,40.95038258,-16.3585631,30.64,884372.6803605,2023-06-21 06:00:00+00:00,26000,28858.01
2023-06-21,7,BTC-230825-26000-C,BTCUSDT,C,230825-26000,2495.0,4230.0,2495.0,4140.0,9.51,9.51,3980.0,4315.0,3.0,2.03,,0.57184458,4146.0,0.53105354,0.71897721,5.212e-05,41.08841105,-16.78472491,30.64,884578.43637792,2023-06-21 07:00:00+00:00,26000,28872.28
2023-06-21,8,BTC-230825-26000-C,BTCUSDT,C,230825-26000,2495.0,4230.0,2495.0,4140.0,9.51,9.51,3995.0,4130.0,1.5,1.5,,0.53681374,4062.0,0.52035928,0.71858662,5.334e-05,41.0249851,-16.4318594,30.64,883002.65821524,2023-06-21 08:00:00+00:00,26000,28824.41
2023-06-21,9,BTC-230825-26000-C,BTCUSDT,C,230825-26000,2495.0,4230.0,2495.0,4180.0,9.52,9.52,3905.0,4210.0,3.0,1.5,,0.53814173,4056.0,0.50035715,0.7292383,5.425e-05,40.38861663,-15.56513187,30.65,886504.03889561,2023-06-21 09:00:00+00:00,26000,28923.69
2023-06-21,10,BTC-230825-26000-C,BTCUSDT,C,230825-26000,2495.0,4230.0,2495.0,4180.0,9.52,9.52,3965.0,4150.0,3.0,1.5,,0.53894043,4057.0,0.51631093,0.7205656,5.358e-05,40.8839001,-16.26882232,30.65,883765.0471155,2023-06-21 10:00:00+00:00,26000,28834.91
2023-06-21,11,BTC-230825-26000-C,BTCUSDT,C,230825-26000,2495.0,4230.0,2495.0,4180.0,9.52,9.52,3965.0,4225.0,3.0,1.5,,0.53938389,4094.0,0.50722957,0.72837612,5.361e-05,40.44866932,-15.82269204,30.65,887646.84267047,2023-06-21 11:00:00+00:00,26000,28930.0
2023-06-21,12,BTC-230825-26000-C,BTCUSDT,C,230825-26000,2695.0,4230.0,2695.0,4180.0,9.51,9.51,4085.0,4205.0,3.0,1.5,,0.5415988,4144.0,0.52692115,0.7215021,5.233e-05,40.88072136,-16.6232126,30.65,885588.87031316,2023-06-21 12:00:00+00:00,26000,28893.73
2023-06-21,13,BTC-230825-26000-C,BTCUSDT,C,230825-26000,2695.0,4230.0,2695.0,4180.0,9.51,9.51,4275.0,4565.0,2.0,1.5,,0.55752754,4418.0,0.52100539,0.74387123,5.005e-05,39.72826445,-15.98350293,30.65,897046.69918684,2023-06-21 13:00:00+00:00,26000,29311.99
2023-06-21,14,BTC-230825-26000-C,BTCUSDT,C,230825-26000,2695.0,4230.0,2695.0,4180.0,9.51,9.51,4440.0,4815.0,3.0,1.5,,0.57440519,4624.0,0.5264616,0.7545492,4.803e-05,39.15771842,-15.92919365,30.65,904101.7936538,2023-06-21 14:00:00+00:00,26000,29536.01
2023-06-21,15,BTC-230825-26000-C,BTCUSDT,C,230825-26000,2695.0,4230.0,2695.0,4180.0,9.51,9.51,4855.0,5120.0,1.5,1.5,,0.59629917,4986.0,0.56247711,0.75839191,4.415e-05,39.19664305,-17.04681234,30.65,915795.79930235,2023-06-21 15:00:00+00:00,26000,29851.58
2023-06-21,16,BTC-230825-26000-C,BTCUSDT,C,230825-26000,4230.0,4230.0,4140.0,4180.0,8.01,8.01,5140.0,5470.0,1.5,1.5,,0.62567711,5302.0,0.58318496,0.76641568,4.139e-05,38.86433636,-17.53585477,30.65,925040.53987369,2023-06-21 16:00:00+00:00,26000,30164.58
2023-06-21,17,BTC-230825-26000-C,BTCUSDT,C,230825-26000,4230.0,4230.0,4140.0,4180.0,8.01,8.01,5070.0,5410.0,1.5,1.5,,0.6251955,5237.0,0.58156729,0.76371202,4.189e-05,39.00130275,-17.56016345,30.65,922222.65634064,2023-06-21 17:00:00+00:00,26000,30080.23
2023-06-21,18,BTC-230825-26000-C,BTCUSDT,C,230825-26000,4230.0,4230.0,4140.0,4180.0,8.01,8.01,5085.0,5455.0,1.5,1.5,,0.62705517,5267.0,0.57932496,0.76645519,4.172e-05,38.80347432,-17.41496491,30.65,924022.93292866,2023-06-21 18:00:00+00:00,26000,30131.39
2023-06-21,19,BTC-230825-26000-C,BTCUSDT,C,230825-26000,4230.0,4230.0,4140.0,4180.0,8.01,8.01,4640.0,5425.0,1.5,1.5,,0.62299728,5013.0,0.51627398,0.78390347,4.484e-05,37.09855595,-14.84729886,30.65,923557.39310994,2023-06-21 19:00:00+00:00,26000,30112.03
2023-06-21,20,BTC-230825-26000-C,BTCUSDT,C,230825-26000,4230.0,4230.0,4140.0,4180.0,8.01,8.01,4480.0,5310.0,1.5,1.5,,0.61833143,4873.0,0.50548553,0.78169623,4.628e-05,37.14772457,-14.56571484,30.65,917913.38422514,2023-06-21 20:00:00+00:00,26000,29988.01
2023-06-21,21,BTC-230825-26000-C,BTCUSDT,C,230825-26000,4230.0,4230.0,4140.0,4180.0,8.01,8.01,4445.0,5215.0,1.5,1.5,,0.61480761,4813.0,0.51182985,0.77473093,4.671e-05,37.67329759,-14.96686797,30.65,915873.08782427,2023-06-21 21:00:00+00:00,26000,29880.95
2023-06-21,22,BTC-230825-26000-C,BTCUSDT,C,230825-26000,4230.0,4230.0,4140.0,4180.0,8.01,8.01,5090.0,5445.0,1.5,1.98,,0.62731981,5265.0,0.58154225,0.76564913,4.171e-05,38.81401867,-17.53164103,30.65,923108.55922514,2023-06-21 22:00:00+00:00,26000,30114.56
2023-06-21,23,BTC-230825-26000-C,BTCUSDT,C,230825-26000,4230.0,4230.0,4140.0,4180.0,8.01,8.01,4445.0,5410.0,1.5,1.5,,0.62121868,4859.0,0.500561,0.78386281,4.65e-05,36.90811199,-14.35862027,30.65,920014.64044503,2023-06-21 23:00:00+00:00,26000,29993.89
2023-06-22,0,BTC-230825-26000-C,BTCUSDT,C,230825-26000,4230.0,4230.0,4140.0,4180.0,8.01,8.01,5075.0,5430.0,1.5,2.03,,0.62101603,5249.0,0.57496428,0.76807884,4.195e-05,38.58477873,-17.25329803,30.65,922771.30818129,2023-06-22 00:00:00+00:00,26000,30139.48
2023-06-22,1,BTC-230825-26000-C,BTCUSDT,C,230825-26000,4180.0,4180.0,4180.0,4180.0,0.01,0.01,4295.0,5430.0,5.4,2.03,,0.61731815,4782.0,0.44275403,0.81363252,4.787e-05,33.92826567,-11.69017405,30.65,924499.99512631,2023-06-22 01:00:00+00:00,26000,30159.06
2023-06-22,2,BTC-230825-26000-C,BTCUSDT,C,230825-26000,4180.0,4180.0,4180.0,4180.0,0.01,0.01,5390.0,5765.0,1.5,1.5,,0.64090014,5574.0,0.59159875,0.77763497,3.94e-05,38.07967252,-17.54280278,30.65,934423.20881316,2023-06-22 02:00:00+00:00,26000,30472.11
2023-06-22,3,BTC-230825-26000-C,BTCUSDT,C,230825-26000,4180.0,4180.0,4180.0,4180.0,0.01,0.01,5250.0,5590.0,1.5,1.98,,0.63129902,5417.0,0.58699608,0.77173003,4.055e-05,38.40993615,-17.56868402,30.65,928404.99710994,2023-06-22 03:00:00+00:00,26000,30296.01
2023-06-22,4,BTC-230825-26000-C,BTCUSDT,C,230825-26000,4180.0,4180.0,4180.0,4180.0,0.01,0.01,5260.0,5585.0,1.5,1.98,,0.62128067,5420.0,0.57854533,0.77585848,4.067e-05,38.06118314,-17.16968098,30.65,929703.8093845,2023-06-22 04:00:00+00:00,26000,30350.0
2023-06-22,5,BTC-230825-26000-C,BTCUSDT,C,230825-26000,4180.0,4180.0,4180.0,4180.0,0.01,0.01,5200.0,5535.0,1.5,1.5,,0.62140703,5365.0,0.57750344,0.77352643,4.109e-05,38.19044541,-17.20814803,30.65,928018.7902693,2023-06-22 05:00:00+00:00,26000,30285.3
2023-06-22,6,BTC-230825-26000-C,BTCUSDT,C,230825-26000,4180.0,4180.0,4180.0,4180.0,0.01,0.01,5070.0,5385.0,1.5,1.5,,0.61196804,5225.0,0.57091594,0.76918219,4.222e-05,38.39972665,-17.11620974,30.65,923477.38313743,2023-06-22 06:00:00+00:00,26000,30130.02
2023-06-22,7,BTC-230825-26000-C,BTCUSDT,C,230825-26000,4180.0,4180.0,4180.0,4180.0,0.01,0.01,4930.0,5365.0,3.0,1.98,,0.61308146,5143.0,0.55586576,0.77199326,4.313e-05,38.08512713,-16.53922708,30.65,922094.68417047,2023-06-22 07:00:00+00:00,26000,30100.75
2023-06-22,8,BTC-230825-26000-C,BTCUSDT,C,230825-26000,4180.0,4180.0,4180.0,4180.0,0.01,0.01,5045.0,5315.0,1.5,1.5,,0.6014514,5178.0,0.56622148,0.76901205,4.267e-05,38.34491435,-16.97332382,30.65,921883.96373626,2023-06-22 08:00:00+00:00,26000,30096.7
2023-06-22,9,BTC-230825-26000-C,BTCUSDT,C,230825-26000,4180.0,4180.0,4180.0,4180.0,0.0,0.0,5080.0,5370.0,1.5,1.5,,0.60790062,5223.0,0.57002783,0.7697498,4.227e-05,38.31501184,-17.08523001,30.65,923744.71513187,2023-06-22 09:00:00+00:00,26000,30134.36
2023-06-22,10,BTC-230825-26000-C,BTCUSDT,C,230825-26000,4180.0,4180.0,4180.0,4180.0,0.0,0.0,5070.0,5410.0,1.5,1.5,,0.60986996,5237.0,0.56515098,0.77295144,4.225e-05,38.057313,-16.83610465,30.65,925193.36885701,2023-06-22 10:00:00+00:00,26000,30178.0
2023-06-22,11,BTC-230825-26000-C,BTCUSDT,C,230825-26000,4180.0,4180.0,4180.0,4180.0,0.0,0.0,4875.0,5135.0,1.5,1.5,,0.58749676,5003.0,0.55364013,0.76551139,4.429e-05,38.42073927,-16.66156067,30.65,917643.53960439,2023-06-22 11:00:00+00:00,26000,29928.0
2023-06-22,12,BTC-230825-26000-C,BTCUSDT,C,230825-26000,4180.0,5115.0,4180.0,5115.0,0.01,0.01,5060.0,5270.0,1.5,1.5,,0.58658361,5164.0,0.5589664,0.7720803,4.293e-05,38.0353407,-16.66398971,30.66,923529.66096936,2023-06-22 12:00:00+00:00,26000,30115.49
2023-06-22,13,BTC-230825-26000-C,BTCUSDT,C,230825-26000,4180.0,5115.0,4180.0,5115.0,0.01,0.01,5075.0,5430.0,1.5,1.5,,0.6043148,5249.0,0.5570817,0.77778737,4.23e-05,37.63018733,-16.44163521,30.66,927095.64133837,2023-06-22 13:00:00+00:00,26000,30235.99
2023-06-22,14,BTC-230825-26000-C,BTCUSDT,C,230825-26000,4180.0,5115.0,4180.0,5115.0,0.01,0.01,4560.0,4900.0,1.5,1.5,,0.56363106,4727.0,0.51882744,0.76721546,4.741e-05,37.99268977,-15.47022322,30.66,911659.9418309,2023-06-22 14:00:00+00:00,26000,29746.76
2023-06-22,15,BTC-230825-26000-C,BTCUSDT,C,230825-26000,4180.0,5115.0,4180.0,5115.0,0.01,0.01,4865.0,4990.0,3.0,1.5,,0.5666256,4927.0,0.55038571,0.76302744,4.499e-05,38.49106688,-16.63737916,30.66,915140.75815399,2023-06-22 15:00:00+00:00,26000,29850.65
2023-06-22,16,BTC-230825-26000-C,BTCUSDT,C,230825-26000,4180.0,5115.0,4180.0,4910.0,5.01,5.01,4850.0,5150.0,1.5,1.5,,0.58463335,4997.0,0.54513216,0.76988751,4.452e-05,38.00811554,-16.28246944,25.66,769094.5191869,2023-06-22 16:00:00+00:00,26000,29970.02
2023-06-22,17,BTC-230825-26000-C,BTCUSDT,C,230825-26000,4180.0,5115.0,4180.0,4775.0,8.01,8.01,4585.0,5325.0,1.5,1.5,,0.59747696,4934.0,0.49322367,0.79397308,4.593e-05,35.84523546,-13.90279051,22.66,683009.75164839,2023-06-22 17:00:00+00:00,26000,30145.29
2023-06-22,18,BTC-230825-26000-C,BTCUSDT,C,230825-26000,4180.0,5115.0,4180.0,4775.0,8.01,8.01,5025.0,5330.0,1.5,1.5,,0.59921503,5175.0,0.55891275,0.77327255,4.286e-05,37.87429689,-16.65712031,22.66,681936.84298021,2023-06-22 18:00:00+00:00,26000,30133.99
2023-06-22,19,BTC-230825-26000-C,BTCUSDT,C,230825-26000,4180.0,5115.0,4180.0,4775.0,8.01,8.01,5110.0,5410.0,1.5,1.5,,0.60426712,5257.0,0.56453109,0.77516824,4.213e-05,37.78262076,-16.79485048,22.66,684782.29902193,2023-06-22 19:00:00+00:00,26000,30213.11
2023-06-22,20,BTC-230825-26000-C,BTCUSDT,C,230825-26000,4180.0,5115.0,4180.0,4775.0,8.01,8.01,5035.0,5360.0,1.5,1.5,,0.60417652,5195.0,0.56120515,0.77342552,4.267e-05,37.85522117,-16.73896568,22.66,683246.62584172,2023-06-22 20:00:00+00:00,26000,30152.07
2023-06-22,21,BTC-230825-26000-C,BTCUSDT,C,230825-26000,4180.0,5115.0,4180.0,4775.0,8.01,8.01,4445.0,5245.0,1.5,3.46,,0.59425592,4819.0,0.48047066,0.79487872,4.722e-05,35.60452156,-13.48771991,22.66,681025.73169226,2023-06-22 21:00:00+00:00,26000,30054.07
2023-06-22,22,BTC-230825-26000-C,BTCUSDT,C,230825-26000,4180.0,5115.0,4180.0,4775.0,8.01,8.01,4390.0,5100.0,1.5,1.5,,0.58200359,4726.0,0.48288465,0.78799421,4.813e-05,36.13879975,-13.76794344,22.66,677783.0682615,2023-06-22 22:00:00+00:00,26000,29927.77
2023-06-22,23,BTC-230825-26000-C,BTCUSDT,C,230825-26000,4180.0,5115.0,4180.0,4775.0,8.01,8.01,4810.0,5040.0,1.5,1.5,,0.5742836,4923.0,0.5440855,0.76672289,4.518e-05,38.10216301,-16.36644531,22.66,677614.73932301,2023-06-22 23:00:00+00:00,26000,29884.92
2023-06-23,0,BTC-230825-26000-C,BTCUSDT,C,230825-26000,4180.0,5115.0,4180.0,4775.0,8.01,8.01,4900.0,5200.0,1.5,1.5,,0.59129715,5047.0,0.55171609,0.77018733,4.402e-05,37.93081415,-16.53222116,22.66,680030.51445269,2023-06-23 00:00:00+00:00,26000,30010.0
2023-06-23,1,BTC-230825-26000-C,BTCUSDT,C,230825-26000,4180.0,5115.0,4180.0,4775.0,8.01,8.01,4815.0,5115.0,1.5,1.5,,0.58435678,4962.0,0.54479241,0.76884037,4.485e-05,37.94676375,-16.34237568,22.66,678684.16183742,2023-06-23 01:00:00+00:00,26000,29933.53
2023-06-23,2,BTC-230825-26000-C,BTCUSDT,C,230825-26000,4180.0,5115.0,4180.0,4775.0,8.01,8.01,4860.0,5170.0,1.5,1.5,,0.58953762,5012.0,0.54859638,0.76990758,4.437e-05,37.89563076,-16.4451404,22.66,679329.66057354,2023-06-23 02:00:00+00:00,26000,29984.91
2023-06-23,3,BTC-230825-26000-C,BTCUSDT,C,230825-26000,4180.0,5115.0,4180.0,4775.0,8.01,8.01,4880.0,5200.0,1.5,1.5,,0.59247732,5037.0,0.55015922,0.77064426,4.414e-05,37.84727121,-16.48181101,22.66,679998.02100882,2023-06-23 03:00:00+00:00,26000,30007.96
2023-06-23,4,BTC-230825-26000-C,BTCUSDT,C,230825-26000,4180.0,5115.0,4180.0,4775.0,8.01,8.01,4890.0,5200.0,1.5,1.5,,0.59417725,5042.0,0.55327654,0.76948194,4.404e-05,37.9322657,-16.62338612,22.66,679756.6197957,2023-06-23 04:00:00+00:00,26000,30002.0
2023-06-23,5,BTC-230825-26000-C,BTCUSDT,C,230825-26000,4180.0,5115.0,4180.0,4775.0,8.01,8.01,4950.0,5230.0,1.5,1.5,,0.59382915,5088.0,0.55685043,0.77039205,4.362e-05,37.889192,-16.72280775,22.66,680757.15590989,2023-06-23 05:00:00+00:00,26000,30042.0
2023-06-23,6,BTC-230825-26000-C,BTCUSDT,C,230825-26000,4180.0,5115.0,4180.0,4775.0,8.01,8.01,4885.0,5200.0,1.5,1.5,,0.59220791,5040.0,0.55049062,0.77089761,4.413e-05,37.7918908,-16.50025672,22.66,680399.3221385,2023-06-23 06:00:00+00:00,26000,30012.18
2023-06-23,7,BTC-230825-26000-C,BTCUSDT,C,230825-26000,4180.0,5115.0,4180.0,4775.0,8.01,8.01,4735.0,5245.0,4.89,4.0,,0.61911106,4984.0,0.55189013,0.76706471,4.455e-05,38.03084581,-16.6578133,22.66,678424.46578689,2023-06-23 07:00:00+00:00,26000,29931.99
2023-06-23,8,BTC-230825-26000-C,BTCUSDT,C,230825-26000,4180.0,5115.0,4180.0,4775.0,8.01,8.01,4465.0,5160.0,1.5,1.5,,0.58285475,4794.0,0.4847014,0.79194631,4.745e-05,35.72417697,-13.75159912,22.66,680273.65127247,2023-06-23 08:00:00+00:00,26000,30008.12
2023-06-23,9,BTC-230825-26000-C,BTCUSDT,C,230825-26000,5115.0,5115.0,4775.0,4775.0,8.01,8.01,4975.0,5205.0,1.5,1.5,,0.56835413,5088.0,0.53724885,0.78060619,4.397e-05,36.99550982,-15.79533095,22.66,682584.71479118,2023-06-23 09:00:00+00:00,26000,30145.22
2023-06-23,10,BTC-230825-26000-C,BTCUSDT,C,230825-26000,5115.0,5115.0,4775.0,4775.0,8.01,8.01,4780.0,5230.0,2.15,1.96,,0.58890104,4999.0,0.52778006,0.78051743,4.489e-05,36.90758485,-15.49032494,22.66,682198.01068581,2023-06-23 10:00:00+00:00,26000,30075.99
2023-06-23,11,BTC-230825-26000-C,BTCUSDT,C,230825-26000,5115.0,5115.0,4775.0,4775.0,8.01,8.01,4815.0,5180.0,1.5,1.5,,0.56185961,4993.0,0.51125884,0.78904552,4.519e-05,36.14009536,-14.70313516,22.66,683206.59483527,2023-06-23 11:00:00+00:00,26000,30140.87
2023-06-23,12,BTC-230825-26000-C,BTCUSDT,C,230825-26000,4915.0,4915.0,4775.0,4775.0,8.0,8.0,4970.0,5220.0,1.5,1.5,,0.5798769,5093.0,0.54634809,0.77654011,4.379e-05,37.30595608,-16.22988795,22.66,682295.07267914,2023-06-23 12:00:00+00:00,26000,30106.5
2023-06-23,13,BTC-230825-26000-C,BTCUSDT,C,230825-26000,4915.0,4915.0,4775.0,4775.0,8.0,8.0,4815.0,5185.0,1.5,1.5,,0.57635069,4996.0,0.52595973,0.78156109,4.495e-05,36.77841095,-15.41351357,22.66,681617.97444839,2023-06-23 13:00:00+00:00,26000,30077.82
2023-06-23,14,BTC-230825-26000-C,BTCUSDT,C,230825-26000,4915.0,4915.0,4775.0,4775.0,8.0,8.0,5030.0,5415.0,1.5,1.96,,0.58807135,5201.0,0.54016113,0.78584693,4.301e-05,36.58416886,-15.75655212,22.66,685344.04291204,2023-06-23 14:00:00+00:00,26000,30282.04
2023-06-23,15,BTC-230825-26000-C,BTCUSDT,C,230825-26000,4915.0,4915.0,4775.0,4775.0,8.0,8.0,0.0,0.0,0.0,0.0,,-1e-08,6542.0,0.7,0.78129233,3.258e-05,38.18183916,-21.32495942,22.66,707148.71506603,2023-06-23 15:00:00+00:00,26000,31238.0
2023-06-23,16,BTC-230825-26000-C,BTCUSDT,C,230825-26000,4800.0,4800.0,4775.0,4775.0,3.0,3.0,5735.0,6255.0,1.5,1.5,,0.65206528,5985.0,0.57811737,0.80691003,3.681e-05,35.29529487,-16.29127289,22.66,703929.90937807,2023-06-23 16:00:00+00:00,26000,31097.02
2023-06-23,17,BTC-230825-26000-C,BTCUSDT,C,230825-26000,4775.0,4775.0,4775.0,4775.0,0.0,0.0,5925.0,6365.0,1.5,1.5,,0.64968109,6138.0,0.58686972,0.80987563,3.576e-05,35.12084341,-16.46712832,22.66,708058.19035161,2023-06-23 17:00:00+00:00,26000,31241.1
2023-06-23,18,BTC-230825-26000-C,BTCUSDT,C,230825-26000,4775.0,4775.0,4775.0,4775.0,0.0,0.0,5630.0,6390.0,1.5,1.5,,0.71814537,5995.0,0.61415195,0.79150891,3.648e-05,36.75735914,-18.04764806,22.66,701421.00911871,2023-06-23 18:00:00+00:00,26000,30943.68
2023-06-23,19,BTC-230825-26000-C,BTCUSDT,C,230825-26000,4775.0,4775.0,4775.0,4775.0,0.0,0.0,5595.0,6360.0,1.5,1.5,,0.7229805,5963.0,0.61910868,0.78799959,3.663e-05,37.03208668,-18.34150556,22.66,699442.41578595,2023-06-23 19:00:00+00:00,26000,30880.87
2023-06-23,20,BTC-230825-26000-C,BTCUSDT,C,230825-26000,4775.0,4775.0,4775.0,4775.0,0.0,0.0,5665.0,6365.0,1.5,1.5,,0.71848392,6003.0,0.62358618,0.78803965,3.634e-05,37.0524614,-18.4966499,22.66,700592.74129678,2023-06-23 20:00:00+00:00,26000,30906.07
2023-06-23,21,BTC-230825-26000-C,BTCUSDT,C,230825-26000,4775.0,4775.0,4775.0,4775.0,0.0,0.0,5135.0,6365.0,1.5,1.5,,0.76665163,5709.0,0.5977118,0.78541906,3.851e-05,37.00445109,-17.71801844,22.66,695150.41688344,2023-06-23 21:00:00+00:00,26000,30659.8
2023-06-23,22,BTC-230825-26000-C,BTCUSDT,C,230825-26000,4775.0,4775.0,4775.0,4775.0,0.0,0.0,5415.0,6295.0,1.5,1.5,,0.75235367,5839.0,0.63571692,0.77542982,3.72e-05,37.95244405,-19.34028551,22.66,694425.67538021,2023-06-23 22:00:00+00:00,26000,30644.17
2023-06-23,23,BTC-230825-26000-C,BTCUSDT,C,230825-26000,4775.0,4775.0,4775.0,4775.0,0.0,0.0,5420.0,6295.0,1.5,1.5,,0.74572802,5841.0,0.6289196,0.77844048,3.728e-05,37.69397929,-19.01589147,22.66,695142.93908344,2023-06-23 23:00:00+00:00,26000,30688.5
2023-06-24,0,BTC-230825-26000-C,BTCUSDT,C,230825-26000,4775.0,4775.0,4775.0,4775.0,0.0,0.0,4940.0,5610.0,1.5,1.5,,0.60756207,5256.0,0.51012635,0.80538819,4.286e-05,34.68378116,-14.2018254,22.66,690663.96597354,2023-06-24 00:00:00+00:00,26000,30488.2
2023-06-24,1,BTC-230825-26000-C,BTCUSDT,C,230825-26000,4775.0,4775.0,4775.0,4775.0,0.0,0.0,5380.0,6255.0,1.5,1.5,,0.75037241,5802.0,0.6344378,0.77443388,3.745e-05,37.9616679,-19.34482937,22.66,693458.4419957,2023-06-24 01:00:00+00:00,26000,30605.3
2023-06-24,2,BTC-230825-26000-C,BTCUSDT,C,230825-26000,4775.0,4775.0,4775.0,4775.0,0.0,0.0,5520.0,6360.0,1.5,1.5,,0.74856758,5925.0,0.6363225,0.77960037,3.669e-05,37.63491882,-19.24817772,22.66,696716.26023527,2023-06-24 02:00:00+00:00,26000,30756.6
2023-06-24,3,BTC-230825-26000-C,BTCUSDT,C,230825-26000,4775.0,4775.0,4775.0,4775.0,0.0,0.0,5495.0,6400.0,1.5,1.5,,0.76381445,5930.0,0.64347267,0.77702632,3.656e-05,37.84065284,-19.58398508,22.66,696633.49396258,2023-06-24 03:00:00+00:00,26000,30730.01
2023-06-24,4,BTC-230825-26000-C,BTCUSDT,C,230825-26000,4775.0,4775.0,4775.0,4775.0,0.0,0.0,5465.0,6405.0,1.5,1.5,,0.77061892,5917.0,0.64591408,0.77548776,3.661e-05,37.94137569,-19.7238343,22.66,695891.73504839,2023-06-24 04:00:00+00:00,26000,30703.68
2023-06-24,5,BTC-230825-26000-C,BTCUSDT,C,230825-26000,4775.0,4775.0,4775.0,4775.0,0.0,0.0,5465.0,6650.0,1.5,1.5,,0.82686186,6032.0,0.67109108,0.77095144,3.562e-05,38.39097849,-20.74940005,22.66,696337.78345269,2023-06-24 05:00:00+00:00,26000,30725.01
2023-06-24,6,BTC-230825-26000-C,BTCUSDT,C,230825-26000,4775.0,4775.0,4775.0,4775.0,0.0,0.0,5400.0,5810.0,1.5,1.5,,0.61832905,5599.0,0.56069613,0.79793882,3.969e-05,35.65264061,-16.11037773,22.66,695839.05926365,2023-06-24 06:00:00+00:00,26000,30697.94
2023-06-24,7,BTC-230825-26000-C,BTCUSDT,C,230825-26000,4775.0,4775.0,4775.0,4775.0,0.0,0.0,4320.0,6095.0,5.32,2.05,,0.71873188,5148.0,0.45936594,0.82886104,4.391e-05,32.01794475,-11.86125044,22.66,692696.6127957,2023-06-24 07:00:00+00:00,26000,30567.58
2023-06-24,8,BTC-230825-26000-C,BTCUSDT,C,230825-26000,4775.0,4775.0,4775.0,4775.0,0.0,0.0,5320.0,6075.0,1.5,1.5,,0.70612907,5683.0,0.60382605,0.78240977,3.864e-05,37.10450214,-18.08042553,22.66,693709.22096258,2023-06-24 08:00:00+00:00,26000,30608.82
2023-06-24,9,BTC-230825-26000-C,BTCUSDT,C,230825-26000,4775.0,4775.0,4775.0,4775.0,0.0,0.0,5365.0,6075.0,1.5,1.5,,0.70379734,5708.0,0.60779095,0.7819509,3.843e-05,37.15317602,-18.23528384,22.66,693882.96838021,2023-06-24 09:00:00+00:00,26000,30621.63
2023-06-24,10,BTC-230825-26000-C,BTCUSDT,C,230825-26000,4775.0,4775.0,4775.0,4775.0,0.0,0.0,5440.0,6685.0,1.5,1.5,,0.83500862,6034.0,0.67065477,0.77164266,3.563e-05,38.2741752,-20.74242708,22.66,696331.9565957,2023-06-24 10:00:00+00:00,26000,30739.98
2023-06-24,11,BTC-230825-26000-C,BTCUSDT,C,230825-26000,4775.0,4775.0,4775.0,4775.0,0.0,0.0,5410.0,6685.0,1.5,1.5,,0.84496975,6019.0,0.67769051,0.76834015,3.562e-05,38.50348404,-21.09981333,22.66,695351.18697354,2023-06-24 11:00:00+00:00,26000,30684.38
2023-06-24,12,BTC-230825-26000-C,BTCUSDT,C,230825-26000,4775.0,4775.0,4775.0,4775.0,0.0,0.0,5450.0,6695.0,1.5,1.5,,0.84522247,6046.0,0.68216324,0.76796211,3.542e-05,38.54259648,-21.27498652,22.66,695603.37285269,2023-06-24 12:00:00+00:00,26000,30694.57
2023-06-24,13,BTC-230825-26000-C,BTCUSDT,C,230825-26000,4775.0,4775.0,4775.0,4775.0,0.0,0.0,5360.0,6695.0,1.5,1.5,,0.85552692,5997.0,0.68074465,0.76633268,3.57e-05,38.61017685,-21.28232091,22.66,694413.41905936,2023-06-24 13:00:00+00:00,26000,30640.69
2023-06-24,14,BTC-230825-26000-C,BTCUSDT,C,230825-26000,4775.0,4775.0,4775.0,4775.0,0.0,0.0,5450.0,6695.0,1.5,1.5,,0.84747314,6046.0,0.68456054,0.76724642,3.539e-05,38.57104502,-21.39436356,22.66,695368.64264387,2023-06-24 14:00:00+00:00,26000,30688.53
2023-06-24,15,BTC-230825-26000-C,BTCUSDT,C,230825-26000,4775.0,4775.0,4775.0,4775.0,0.0,0.0,5160.0,6490.0,1.5,1.5,,0.84962368,5798.0,0.67738771,0.75829712,3.687e-05,38.99577293,-21.41777233,22.66,689169.43687914,2023-06-24 15:00:00+00:00,26000,30398.71
2023-06-24,16,BTC-230825-26000-C,BTCUSDT,C,230825-26000,4775.0,4775.0,4775.0,4775.0,0.0,0.0,5245.0,6430.0,1.5,1.5,,0.81599712,5813.0,0.66051483,0.76570089,3.705e-05,38.45779328,-20.61009175,22.66,690902.77498236,2023-06-24 16:00:00+00:00,26000,30510.01
2023-06-24,17,BTC-230825-26000-C,BTCUSDT,C,230825-26000,4775.0,4775.0,4775.0,4775.0,0.0,0.0,5380.0,6460.0,1.5,1.5,,0.80905437,5900.0,0.66739202,0.76724108,3.645e-05,38.40468586,-20.80999395,22.66,693201.61455161,2023-06-24 17:00:00+00:00,26000,30584.49
2023-06-24,18,BTC-230825-26000-C,BTCUSDT,C,230825-26000,4775.0,4775.0,4775.0,4775.0,0.0,0.0,5410.0,6470.0,1.5,1.5,,0.80238819,5919.0,0.66252828,0.77017563,3.641e-05,38.18451972,-20.5538139,22.66,694234.0913056,2023-06-24 18:00:00+00:00,26000,30638.38
2023-06-24,19,BTC-230825-26000-C,BTCUSDT,C,230825-26000,4775.0,4775.0,4775.0,4775.0,0.0,0.0,5365.0,6470.0,1.5,1.5,,0.80478191,5895.0,0.65858006,0.77065566,3.662e-05,38.11264041,-20.40668331,22.66,693954.66362408,2023-06-24 19:00:00+00:00,26000,30627.84
2023-06-24,20,BTC-230825-26000-C,BTCUSDT,C,230825-26000,4775.0,4775.0,4775.0,4775.0,0.0,0.0,5270.0,6470.0,1.5,1.5,,0.82694769,5846.0,0.66998363,0.76392435,3.673e-05,38.56629901,-21.02138356,22.66,691152.05490322,2023-06-24 20:00:00+00:00,26000,30507.56
2023-06-24,21,BTC-230825-26000-C,BTCUSDT,C,230825-26000,4775.0,4775.0,4775.0,4775.0,0.0,0.0,5230.0,6470.0,1.5,1.5,,0.82636833,5823.0,0.6633544,0.76551511,3.697e-05,38.41552576,-20.74608123,22.66,691318.71795828,2023-06-24 21:00:00+00:00,26000,30513.78
2023-06-24,22,BTC-230825-26000-C,BTCUSDT,C,230825-26000,4775.0,4775.0,4775.0,4775.0,0.0,0.0,5225.0,6470.0,1.5,1.5,,0.82537174,5820.0,0.66135645,0.76624183,3.702e-05,38.34536455,-20.65983654,22.66,691547.33494732,2023-06-24 22:00:00+00:00,26000,30515.33
2023-06-24,23,BTC-230825-26000-C,BTCUSDT,C,230825-26000,4775.0,4775.0,4775.0,4775.0,0.0,0.0,5255.0,6470.0,1.5,1.5,,0.82387924,5836.0,0.66396952,0.76609859,3.689e-05,38.35756184,-20.76215787,22.66,691843.39407247,2023-06-24 23:00:00+00:00,26000,30527.43
2023-06-25,0,BTC-230825-26000-C,BTCUSDT,C,230825-26000,4775.0,4775.0,4775.0,4775.0,0.0,0.0,5225.0,6470.0,1.5,1.5,,0.82691669,5820.0,0.66295028,0.76580083,3.7e-05,38.35255014,-20.74166875,22.66,691454.99171204,2023-06-25 00:00:00+00:00,26000,30513.23
2023-06-25,1,BTC-230825-26000-C,BTCUSDT,C,230825-26000,4775.0,4775.0,4775.0,4775.0,0.0,0.0,5335.0,6470.0,1.5,1.5,,0.81162453,5879.0,0.66146612,0.76929229,3.669e-05,38.12640505,-20.58719653,22.66,693321.90927032,2023-06-25 01:00:00+00:00,26000,30598.52
2023-06-25,2,BTC-230825-26000-C,BTCUSDT,C,230825-26000,4775.0,4775.0,4775.0,4775.0,0.0,0.0,5335.0,6475.0,1.5,1.5,,0.80889225,5880.0,0.65741539,0.77106021,3.674e-05,37.97815486,-20.39544079,22.66,693960.48301097,2023-06-25 02:00:00+00:00,26000,30621.3
2023-06-25,3,BTC-230825-26000-C,BTCUSDT,C,230825-26000,4775.0,4775.0,4775.0,4775.0,0.0,0.0,5500.0,6495.0,1.5,1.5,,0.7904911,5978.0,0.65749884,0.7757074,3.617e-05,37.68347732,-20.25354589,22.66,696703.04273183,2023-06-25 03:00:00+00:00,26000,30748.46
2023-06-25,4,BTC-230825-26000-C,BTCUSDT,C,230825-26000,4775.0,4775.0,4775.0,4775.0,0.0,0.0,5590.0,6520.0,1.5,1.5,,0.77045441,6035.0,0.64398289,0.78390227,3.6e-05,37.04236384,-19.51300114,22.66,699645.0502944,2023-06-25 04:00:00+00:00,26000,30890.66
2023-06-25,5,BTC-230825-26000-C,BTCUSDT,C,230825-26000,4775.0,4775.0,4775.0,4775.0,0.0,0.0,5620.0,6520.0,1.5,1.5,,0.77676773,6053.0,0.65555811,0.78013339,3.577e-05,37.36267572,-20.04916814,22.66,699248.87879118,2023-06-25 05:00:00+00:00,26000,30858.56
2023-06-25,6,BTC-230825-26000-C,BTCUSDT,C,230825-26000,4775.0,4775.0,4775.0,4775.0,0.0,0.0,5560.0,6535.0,1.5,1.5,,0.77740669,6026.0,0.64477682,0.78332849,3.605e-05,37.05764322,-19.5717992,22.66,699617.45489678,2023-06-25 06:00:00+00:00,26000,30872.66
2023-06-25,7,BTC-230825-26000-C,BTCUSDT,C,230825-26000,4775.0,4775.0,4775.0,4775.0,0.0,0.0,4650.0,6685.0,4.71,5.52,,0.84321976,5469.0,0.52160988,0.81320077,4.099e-05,33.73025037,-14.4213348,22.66,696177.98812086,2023-06-25 07:00:00+00:00,26000,30723.78
2023-06-25,8,BTC-230825-26000-C,BTCUSDT,C,230825-26000,4775.0,4775.0,4775.0,4775.0,0.0,0.0,5475.0,6765.0,1.5,1.5,,0.861094,6092.0,0.69086194,0.76853117,3.511e-05,38.2781823,-21.69099189,22.66,696618.97413183,2023-06-25 08:00:00+00:00,26000,30735.93
2023-06-25,9,BTC-230825-26000-C,BTCUSDT,C,230825-26000,4775.0,4775.0,4775.0,4775.0,0.0,0.0,5415.0,6685.0,1.5,1.5,,0.85155725,6022.0,0.68380952,0.76808017,3.559e-05,38.23916583,-21.46235345,22.66,695266.71497592,2023-06-25 09:00:00+00:00,26000,30683.99
2023-06-25,10,BTC-230825-26000-C,BTCUSDT,C,230825-26000,4775.0,4775.0,4775.0,4775.0,0.0,0.0,5375.0,6685.0,1.5,1.5,,0.86313248,6002.0,0.69118857,0.76446168,3.56e-05,38.47791415,-21.8443446,22.66,693883.74778451,2023-06-25 10:00:00+00:00,26000,30621.27
2023-06-25,11,BTC-230825-26000-C,BTCUSDT,C,230825-26000,4775.0,4775.0,4775.0,4775.0,0.0,0.0,5400.0,6630.0,1.5,1.5,,0.83255529,5986.0,0.66827416,0.77256619,3.601e-05,37.83698619,-20.78258261,22.66,695738.90206365,2023-06-25 11:00:00+00:00,26000,30716.03
2023-06-25,12,BTC-230825-26000-C,BTCUSDT,C,230825-26000,4775.0,4775.0,4775.0,4775.0,0.0,0.0,5360.0,6635.0,1.5,1.5,,0.84259987,5968.0,0.67304134,0.76994383,3.605e-05,38.01111236,-21.04157253,22.66,694966.25582646,2023-06-25 12:00:00+00:00,26000,30669.4
2023-06-25,13,BTC-230825-26000-C,BTCUSDT,C,230825-26000,4775.0,4775.0,4775.0,4775.0,0.0,0.0,5345.0,6595.0,1.5,1.5,,0.83194017,5940.0,0.66483617,0.77193521,3.632e-05,37.82002795,-20.69474706,22.66,694474.50145483,2023-06-25 13:00:00+00:00,26000,30676.5
2023-06-25,14,BTC-230825-26000-C,BTCUSDT,C,230825-26000,4775.0,4775.0,4775.0,4775.0,0.0,0.0,5230.0,6605.0,1.5,1.5,,0.85672379,5885.0,0.67477822,0.76552401,3.65e-05,38.24598069,-21.25536031,22.66,692198.81741764,2023-06-25 14:00:00+00:00,26000,30551.82
2023-06-25,15,BTC-230825-26000-C,BTCUSDT,C,230825-26000,4775.0,4775.0,4775.0,4775.0,0.0,0.0,5285.0,6560.0,1.5,1.5,,0.84031105,5893.0,0.67117929,0.76743162,3.651e-05,38.09818772,-21.07476089,22.66,693062.39997807,2023-06-25 15:00:00+00:00,26000,30585.16
2023-06-25,16,BTC-230825-26000-C,BTCUSDT,C,230825-26000,4775.0,4775.0,4775.0,4775.0,0.0,0.0,5320.0,6570.0,1.5,1.5,,0.84200859,5918.0,0.67663789,0.76656549,3.629e-05,38.17106155,-21.30142807,22.66,693323.15432538,2023-06-25 16:00:00+00:00,26000,30590.29
2023-06-25,17,BTC-230825-26000-C,BTCUSDT,C,230825-26000,4775.0,4775.0,4775.0,4775.0,0.0,0.0,5275.0,6570.0,1.5,1.5,,0.85405111,5895.0,0.68380117,0.76283746,3.632e-05,38.41221714,-21.67783423,22.66,691730.85106603,2023-06-25 17:00:00+00:00,26000,30526.01
2023-06-25,18,BTC-230825-26000-C,BTCUSDT,C,230825-26000,4775.0,4775.0,4775.0,4775.0,0.0,0.0,5170.0,6435.0,1.5,1.5,,0.83428144,5775.0,0.6671977,0.76355069,3.726e-05,38.2438858,-21.0732784,22.66,690151.04317807,2023-06-25 18:00:00+00:00,26000,30453.03
2023-06-25,19,BTC-230825-26000-C,BTCUSDT,C,230825-26000,4775.0,4775.0,4775.0,4775.0,0.0,0.0,5145.0,6435.0,1.5,1.5,,0.83917141,5762.0,0.66905618,0.76227423,3.731e-05,38.31216612,-21.18428636,22.66,689031.4225385,2023-06-25 19:00:00+00:00,26000,30429.78
2023-06-25,20,BTC-230825-26000-C,BTCUSDT,C,230825-26000,4775.0,4775.0,4775.0,4775.0,0.0,0.0,5080.0,6380.0,1.5,1.5,,0.83577156,5702.0,0.6643343,0.76124291,3.775e-05,38.32117149,-21.05422218,22.66,688212.19443048,2023-06-25 20:00:00+00:00,26000,30374.0
2023-06-25,21,BTC-230825-26000-C,BTCUSDT,C,230825-26000,4775.0,4775.0,4775.0,4775.0,0.0,0.0,5190.0,6410.0,1.5,1.5,,0.82972527,5775.0,0.66864729,0.76323701,3.725e-05,38.22695452,-21.15338865,22.66,689810.59037354,2023-06-25 21:00:00+00:00,26000,30451.52
2023-06-25,22,BTC-230825-26000-C,BTCUSDT,C,230825-26000,4775.0,4775.0,4775.0,4775.0,0.0,0.0,5260.0,6430.0,1.5,1.5,,0.82530975,5821.0,0.67057133,0.76484415,3.695e-05,38.13648226,-21.17865559,22.66,691214.13334279,2023-06-25 22:00:00+00:00,26000,30500.86
2023-06-25,23,BTC-230825-26000-C,BTCUSDT,C,230825-26000,4775.0,4775.0,4775.0,4775.0,0.0,0.0,5185.0,5570.0,1.5,1.5,,0.61139822,5372.0,0.55707574,0.79189097,4.155e-05,35.50733344,-16.39248913,22.66,690414.15814946,2023-06-25 23:00:00+00:00,26000,30462.66
2023-06-26,0,BTC-230825-26000-C,BTCUSDT,C,230825-26000,4775.0,4775.0,4775.0,4775.0,0.0,0.0,5180.0,5550.0,1.5,1.5,,0.61994791,5361.0,0.56850076,0.78584875,4.15e-05,36.01751847,-16.98077014,22.66,689318.88082408,2023-06-26 00:00:00+00:00,26000,30394.89
2023-06-26,1,BTC-230825-26000-C,BTCUSDT,C,230825-26000,4775.0,4775.0,4775.0,4775.0,0.0,0.0,4960.0,5190.0,1.5,1.5,,0.57060003,5073.0,0.53846121,0.78509225,4.426e-05,35.80813033,-16.00106674,22.66,683426.14035376,2023-06-26 01:00:00+00:00,26000,30172.74
2023-06-26,2,BTC-230825-26000-C,BTCUSDT,C,230825-26000,4775.0,4775.0,4775.0,4775.0,0.0,0.0,5025.0,5275.0,1.5,1.5,,0.58280945,5148.0,0.54797292,0.78455349,4.349e-05,35.910393,-16.34152446,22.66,684859.92072753,2023-06-26 02:00:00+00:00,26000,30222.48
2023-06-26,3,BTC-230825-26000-C,BTCUSDT,C,230825-26000,4775.0,4775.0,4775.0,4775.0,0.0,0.0,5080.0,5440.0,1.5,1.5,,0.61217546,5256.0,0.56221128,0.78355885,4.241e-05,36.08153659,-16.85770869,22.66,686791.29229011,2023-06-26 03:00:00+00:00,26000,30296.36
2023-06-26,4,BTC-230825-26000-C,BTCUSDT,C,230825-26000,4775.0,4775.0,4775.0,4775.0,0.0,0.0,5020.0,5295.0,1.5,1.5,,0.58407545,5155.0,0.54556251,0.78634417,4.347e-05,35.73749525,-16.21374944,22.66,685368.47836043,2023-06-26 04:00:00+00:00,26000,30245.17
2023-06-26,5,BTC-230825-26000-C,BTCUSDT,C,230825-26000,4775.0,4775.0,4775.0,4775.0,0.0,0.0,5010.0,5315.0,1.5,1.5,,0.59598684,5159.0,0.5536294,0.78267156,4.332e-05,36.04413352,-16.60617596,22.66,684693.22032086,2023-06-26 05:00:00+00:00,26000,30215.05
2023-06-26,6,BTC-230825-26000-C,BTCUSDT,C,230825-26000,4775.0,4775.0,4775.0,4775.0,0.0,0.0,5205.0,5625.0,1.5,1.5,,0.6252408,5409.0,0.56614518,0.79008954,4.117e-05,35.61562004,-16.79134584,22.66,690230.40547032,2023-06-26 06:00:00+00:00,26000,30483.97
2023-06-26,7,BTC-230825-26000-C,BTCUSDT,C,230825-26000,4775.0,4775.0,4775.0,4775.0,0.0,0.0,5050.0,5585.0,5.96,2.53,,0.63024521,5308.0,0.55454731,0.79048793,4.21e-05,35.47613013,-16.39432394,22.66,688837.5898944,2023-06-26 07:00:00+00:00,26000,30404.29
2023-06-26,8,BTC-230825-26000-C,BTCUSDT,C,230825-26000,4775.0,4775.0,4775.0,4775.0,0.0,0.0,5165.0,5550.0,1.5,1.5,,0.62030077,5353.0,0.56642532,0.78717755,4.161e-05,35.79550348,-16.90797142,22.66,689119.6720329,2023-06-26 08:00:00+00:00,26000,30405.75
2023-06-26,9,BTC-230825-26000-C,BTCUSDT,C,230825-26000,4775.0,4775.0,4775.0,4775.0,0.0,0.0,5035.0,5410.0,1.5,1.5,,0.61158657,5218.0,0.5593884,0.78344561,4.277e-05,35.98180481,-16.79649538,22.66,686156.62304172,2023-06-26 09:00:00+00:00,26000,30268.0
2023-06-26,10,BTC-230825-26000-C,BTCUSDT,C,230825-26000,4775.0,4775.0,4775.0,4775.0,0.0,0.0,5025.0,5395.0,1.5,1.5,,0.60812712,5206.0,0.55648804,0.78428098,4.292e-05,35.88682868,-16.67689937,22.66,685713.92383527,2023-06-26 10:00:00+00:00,26000,30267.99
2023-06-26,11,BTC-230825-26000-C,BTCUSDT,C,230825-26000,4775.0,4775.0,4775.0,4775.0,0.0,0.0,5090.0,5470.0,1.5,1.5,,0.61623096,5276.0,0.56318998,0.78489634,4.227e-05,35.8850362,-16.88865379,22.66,687330.00017354,2023-06-26 11:00:00+00:00,26000,30322.89
2023-06-26,12,BTC-230825-26000-C,BTCUSDT,C,230825-26000,4775.0,4775.0,4775.0,4775.0,0.0,0.0,5130.0,5510.0,1.5,1.5,,0.62042713,5316.0,0.56739569,0.78510999,4.19e-05,35.89046614,-17.02920565,22.66,687759.85041311,2023-06-26 12:00:00+00:00,26000,30359.3
2023-06-26,13,BTC-230825-26000-C,BTCUSDT,C,230825-26000,4775.0,4775.0,4775.0,4775.0,0.0,0.0,5335.0,5735.0,1.5,1.5,,0.62148571,5529.0,0.56409836,0.79788337,4.028e-05,34.93016407,-16.48874007,22.66,693028.5568944,2023-06-26 13:00:00+00:00,26000,30639.14
2023-06-26,14,BTC-230825-26000-C,BTCUSDT,C,230825-26000,4775.0,4775.0,4775.0,4775.0,0.0,0.0,5115.0,5500.0,1.5,1.5,,0.61130047,5303.0,0.55689931,0.78969544,4.214e-05,35.45479987,-16.53433334,22.66,688529.6404944,2023-06-26 14:00:00+00:00,26000,30394.56
2023-06-26,15,BTC-230825-26000-C,BTCUSDT,C,230825-26000,4775.0,4775.0,4775.0,4775.0,0.0,0.0,5070.0,5455.0,1.5,1.5,,0.59309006,5257.0,0.53754926,0.79700484,4.272e-05,34.74062068,-15.64926639,22.66,689326.02245936,2023-06-26 15:00:00+00:00,26000,30419.62
2023-06-26,16,BTC-230825-26000-C,BTCUSDT,C,230825-26000,4775.0,4775.0,4775.0,4775.0,0.0,0.0,4775.0,5055.0,1.5,1.5,,0.55276394,4912.0,0.51267862,0.79086734,4.61e-05,34.9701785,-15.03434758,22.66,681701.1416286,2023-06-26 16:00:00+00:00,26000,30100.47
2023-06-26,17,BTC-230825-26000-C,BTCUSDT,C,230825-26000,4775.0,4775.0,4775.0,4775.0,0.0,0.0,4820.0,5015.0,1.5,1.5,,0.54376125,4916.0,0.51595926,0.78942205,4.603e-05,35.08951607,-15.19280335,22.66,682202.09944624,2023-06-26 17:00:00+00:00,26000,30084.63
2023-06-26,18,BTC-230825-26000-C,BTCUSDT,C,230825-26000,4775.0,4775.0,4775.0,4775.0,0.0,0.0,4975.0,5300.0,1.5,1.5,,0.59505224,5134.0,0.5494678,0.78457063,4.363e-05,35.69708889,-16.47115227,22.66,684641.33141097,2023-06-26 18:00:00+00:00,26000,30213.36
2023-06-26,19,BTC-230825-26000-C,BTCUSDT,C,230825-26000,4775.0,4775.0,4775.0,4775.0,0.0,0.0,5020.0,5390.0,1.5,1.5,,0.61196327,5201.0,0.56031585,0.7829954,4.293e-05,35.87880857,-16.89366481,22.66,686680.86338689,2023-06-26 19:00:00+00:00,26000,30243.97
2023-06-26,20,BTC-230825-26000-C,BTCUSDT,C,230825-26000,4775.0,4775.0,4775.0,4775.0,0.0,0.0,4910.0,5095.0,1.5,1.5,,0.55024147,5001.0,0.52383065,0.79043047,4.514e-05,35.04140328,-15.43581575,22.66,683852.69368796,2023-06-26 20:00:00+00:00,26000,30161.78
2023-06-26,21,BTC-230825-26000-C,BTCUSDT,C,230825-26000,4775.0,4775.0,4775.0,4775.0,0.0,0.0,4875.0,5115.0,1.5,1.5,,0.55608749,4993.0,0.5217278,0.79116577,4.525e-05,34.95628253,-15.34726017,22.66,683424.74091204,2023-06-26 21:00:00+00:00,26000,30158.07
2023-06-26,22,BTC-230825-26000-C,BTCUSDT,C,230825-26000,4775.0,4775.0,4775.0,4775.0,0.0,0.0,4975.0,5290.0,1.5,1.5,,0.59030294,5129.0,0.5458498,0.78649662,4.373e-05,35.47741062,-16.30764945,22.66,684922.59181311,2023-06-26 22:00:00+00:00,26000,30227.51
2023-06-26,23,BTC-230825-26000-C,BTCUSDT,C,230825-26000,4775.0,4775.0,4775.0,4775.0,0.0,0.0,4995.0,5365.0,1.5,1.5,,0.60233355,5175.0,0.55006623,0.78704626,4.329e-05,35.45951375,-16.43686292,22.66,685823.07282193,2023-06-26 23:00:00+00:00,26000,30267.99
2023-06-27,0,BTC-230825-26000-C,BTCUSDT,C,230825-26000,4775.0,4775.0,4775.0,4775.0,0.0,0.0,5080.0,5455.0,1.5,1.5,,0.60874462,5263.0,0.55559158,0.78916042,4.25e-05,35.34192122,-16.55854122,22.66,688007.36235613,2023-06-27 00:00:00+00:00,26000,30354.02
2023-06-27,1,BTC-230825-26000-C,BTCUSDT,C,230825-26000,4775.0,4775.0,4775.0,4775.0,0.0,0.0,5105.0,5480.0,1.5,1.5,,0.61165571,5288.0,0.55851817,0.78916617,4.226e-05,35.35161211,-16.66203704,22.66,688282.54938021,2023-06-27 01:00:00+00:00,26000,30373.77
2023-06-27,2,BTC-230825-26000-C,BTCUSDT,C,230825-26000,4775.0,4775.0,4775.0,4775.0,0.0,0.0,5190.0,5575.0,1.5,1.5,,0.61449528,5377.0,0.55942774,0.79355959,4.154e-05,35.02957552,-16.54877892,22.66,690757.05624172,2023-06-27 02:00:00+00:00,26000,30480.06
2023-06-27,3,BTC-230825-26000-C,BTCUSDT,C,230825-26000,4775.0,4775.0,4775.0,4775.0,0.0,0.0,5115.0,5495.0,1.5,1.5,,0.61683178,5300.0,0.56315184,0.7877741,4.211e-05,35.45942683,-16.8752429,22.66,688202.00542833,2023-06-27 03:00:00+00:00,26000,30371.57
2023-06-27,4,BTC-230825-26000-C,BTCUSDT,C,230825-26000,4775.0,4775.0,4775.0,4775.0,0.0,0.0,5115.0,5495.0,1.5,1.5,,0.62102079,5300.0,0.56759,0.78573851,4.206e-05,35.62255335,-17.09852096,22.66,688034.39607286,2023-06-27 04:00:00+00:00,26000,30348.8
2023-06-27,5,BTC-230825-26000-C,BTCUSDT,C,230825-26000,4775.0,4775.0,4775.0,4775.0,0.0,0.0,5035.0,5360.0,1.5,1.5,,0.5914259,5194.0,0.54497957,0.79117042,4.321e-05,35.04017425,-16.16037413,22.66,686938.08661167,2023-06-27 05:00:00+00:00,26000,30317.9
2023-06-27,6,BTC-230825-26000-C,BTCUSDT,C,230825-26000,4775.0,4775.0,4775.0,4775.0,0.0,0.0,4990.0,5360.0,1.5,1.5,,0.59095383,5170.0,0.53765297,0.79368149,4.35e-05,34.78194142,-15.83679076,22.66,687016.29293643,2023-06-27 06:00:00+00:00,26000,30320.14
2023-06-27,7,BTC-230825-26000-C,BTCUSDT,C,230825-26000,4775.0,4775.0,4775.0,4775.0,0.0,0.0,4985.0,5515.0,5.3,4.41,,0.61499357,5240.0,0.53779721,0.79748553,4.29e-05,34.48611428,-15.71739734,22.66,689080.35768,2023-06-27 07:00:00+00:00,26000,30411.22
2023-06-27,8,BTC-230825-26000-C,BTCUSDT,C,230825-26000,4775.0,4775.0,4775.0,4775.0,0.0,0.0,5110.0,5485.0,1.5,1.5,,0.61000824,5293.0,0.55648446,0.79109479,4.226e-05,35.09917638,-16.56436105,22.66,688744.74708476,2023-06-27 08:00:00+00:00,26000,30395.14
2023-06-27,9,BTC-230825-26000-C,BTCUSDT,C,230825-26000,4775.0,4775.0,4775.0,4775.0,0.0,0.0,5105.0,5485.0,1.5,1.5,,0.61405659,5290.0,0.56003809,0.78932183,4.225e-05,35.24056133,-16.74912541,22.66,688146.66437643,2023-06-27 09:00:00+00:00,26000,30377.98
2023-06-27,10,BTC-230825-26000-C,BTCUSDT,C,230825-26000,4775.0,4775.0,4775.0,4775.0,0.0,0.0,5285.0,5710.0,1.5,1.5,,0.61630487,5491.0,0.55394292,0.80282812,4.07e-05,34.17519183,-16.07736882,22.66,694633.24932952,2023-06-27 10:00:00+00:00,26000,30656.57
2023-06-27,11,BTC-230825-26000-C,BTCUSDT,C,230825-26000,4775.0,4775.0,4775.0,4775.0,0.0,0.0,5380.0,5790.0,1.5,1.5,,0.62217236,5579.0,0.56204677,0.80342105,3.995e-05,34.18537222,-16.32898651,22.66,696439.80050119,2023-06-27 11:00:00+00:00,26000,30729.1
2023-06-27,12,BTC-230825-26000-C,BTCUSDT,C,230825-26000,4775.0,4775.0,4775.0,4775.0,0.0,0.0,5380.0,5785.0,1.5,1.5,,0.62487602,5576.0,0.56576252,0.80163159,3.995e-05,34.34120871,-16.52357047,22.66,695959.69908238,2023-06-27 12:00:00+00:00,26000,30713.99
2023-06-27,13,BTC-230825-26000-C,BTCUSDT,C,230825-26000,4775.0,4775.0,4775.0,4775.0,0.0,0.0,5280.0,5675.0,1.5,1.5,,0.61819077,5472.0,0.56080699,0.79882749,4.08e-05,34.49777596,-16.46518304,22.66,693492.93948,2023-06-27 13:00:00+00:00,26000,30610.41
2023-06-27,14,BTC-230825-26000-C,BTCUSDT,C,230825-26000,4775.0,4775.0,4775.0,4775.0,0.0,0.0,5465.0,5880.0,1.5,1.5,,0.631001,5666.0,0.57008505,0.8041917,3.924e-05,34.15330888,-16.58221739,22.66,697994.50310119,2023-06-27 14:00:00+00:00,26000,30808.63
2023-06-27,15,BTC-230825-26000-C,BTCUSDT,C,230825-26000,4775.0,4775.0,4775.0,4775.0,0.0,0.0,5195.0,5580.0,1.5,1.5,,0.61527252,5382.0,0.55976391,0.79490134,4.152e-05,34.752516,-16.57943211,22.66,691540.28462595,2023-06-27 15:00:00+00:00,26000,30498.74
2023-06-27,16,BTC-230825-26000-C,BTCUSDT,C,230825-26000,4775.0,4775.0,4775.0,4775.0,0.0,0.0,5360.0,6575.0,1.5,1.5,,0.83389997,5937.0,0.66725969,0.77551128,3.646e-05,36.87267193,-20.98391304,22.66,695336.61839524,2023-06-27 16:00:00+00:00,26000,30710.65
2023-06-27,17,BTC-230825-26000-C,BTCUSDT,C,230825-26000,4775.0,4775.0,4775.0,4775.0,0.0,0.0,5400.0,6575.0,1.5,1.5,,0.83102703,5959.0,0.67002296,0.77556429,3.63e-05,36.87462418,-21.08691902,22.66,696905.19424714,2023-06-27 17:00:00+00:00,26000,30733.2
2023-06-27,18,BTC-230825-26000-C,BTCUSDT,C,230825-26000,4775.0,4775.0,4775.0,4775.0,0.0,0.0,5365.0,6575.0,1.5,1.5,,0.84000111,5941.0,0.67499042,0.77288255,3.635e-05,37.0548068,-21.3622501,22.66,695561.68817881,2023-06-27 18:00:00+00:00,26000,30686.32
2023-06-27,19,BTC-230825-26000-C,BTCUSDT,C,230825-26000,4775.0,4775.0,4775.0,4775.0,0.0,0.0,5345.0,6575.0,1.5,1.5,,0.84701538,5932.0,0.67999482,0.77058336,3.634e-05,37.2087433,-21.62542543,22.66,695191.99960952,2023-06-27 19:00:00+00:00,26000,30648.03
2023-06-27,20,BTC-230825-26000-C,BTCUSDT,C,230825-26000,4775.0,4775.0,4775.0,4775.0,0.0,0.0,5300.0,6510.0,1.5,1.5,,0.83110809,5875.0,0.66534281,0.77371655,3.687e-05,36.90699499,-21.00282151,22.66,694525.71563286,2023-06-27 20:00:00+00:00,26000,30649.96
2023-06-27,21,BTC-230825-26000-C,BTCUSDT,C,230825-26000,4775.0,4775.0,4775.0,4775.0,0.0,0.0,5350.0,6530.0,1.5,1.5,,0.82390308,5910.0,0.66112518,0.77713892,3.672e-05,36.65516056,-20.74206414,22.66,695965.45472238,2023-06-27 21:00:00+00:00,26000,30717.42
2023-06-27,22,BTC-230825-26000-C,BTCUSDT,C,230825-26000,4775.0,4775.0,4775.0,4775.0,0.0,0.0,5270.0,6530.0,1.5,1.5,,0.84855795,5871.0,0.67753911,0.7689106,3.673e-05,37.24241678,-21.61300978,22.66,693312.10468238,2023-06-27 22:00:00+00:00,26000,30586.45
2023-06-27,23,BTC-230825-26000-C,BTCUSDT,C,230825-26000,4775.0,4775.0,4775.0,4775.0,0.0,0.0,5350.0,6530.0,1.5,1.5,,0.82918644,5912.0,0.66712856,0.77500851,3.664e-05,36.79809138,-21.04204539,22.66,695250.25713643,2023-06-27 23:00:00+00:00,26000,30692.44
2023-06-28,0,BTC-230825-26000-C,BTCUSDT,C,230825-26000,4775.0,4775.0,4775.0,4775.0,0.0,0.0,5245.0,6455.0,1.5,1.5,,0.82541704,5820.0,0.65906644,0.77392065,3.73e-05,36.79043347,-20.79828605,22.66,693722.43729405,2023-06-28 00:00:00+00:00,26000,30614.0
2023-06-28,1,BTC-230825-26000-C,BTCUSDT,C,230825-26000,4775.0,4775.0,4775.0,4775.0,0.0,0.0,5130.0,6465.0,1.5,1.5,,0.85006237,5764.0,0.66837668,0.76761237,3.751e-05,37.20782247,-21.3466404,22.66,691034.24150595,2023-06-28 01:00:00+00:00,26000,30498.42
2023-06-28,2,BTC-230825-26000-C,BTCUSDT,C,230825-26000,4775.0,4775.0,4775.0,4775.0,0.0,0.0,5075.0,6325.0,1.5,1.5,,0.82950354,5670.0,0.65953851,0.76660649,3.821e-05,37.18872381,-21.06862464,22.66,689140.84388476,2023-06-28 02:00:00+00:00,26000,30420.01
2023-06-28,3,BTC-230825-26000-C,BTCUSDT,C,230825-26000,4775.0,4775.0,4775.0,4775.0,0.0,0.0,5115.0,6330.0,1.5,1.5,,0.82483768,5694.0,0.65928578,0.76797965,3.807e-05,37.09416911,-21.02205171,22.66,690111.34769167,2023-06-28 03:00:00+00:00,26000,30452.75
2023-06-28,4,BTC-230825-26000-C,BTCUSDT,C,230825-26000,4775.0,4775.0,4775.0,4775.0,0.0,0.0,5135.0,6335.0,1.5,1.5,,0.82112312,5707.0,0.6570673,0.76958272,3.803e-05,36.97173503,-20.89712967,22.66,690651.88732952,2023-06-28 04:00:00+00:00,26000,30482.31
2023-06-28,5,BTC-230825-26000-C,BTCUSDT,C,230825-26000,4775.0,4775.0,4775.0,4775.0,0.0,0.0,5125.0,6335.0,1.5,1.5,,0.82674026,5702.0,0.66198587,0.76749019,3.799e-05,37.11081654,-21.14791802,22.66,690081.81150379,2023-06-28 05:00:00+00:00,26000,30452.53
2023-06-28,6,BTC-230825-26000-C,BTCUSDT,C,230825-26000,4775.0,4775.0,4775.0,4775.0,0.0,0.0,5045.0,5365.0,1.5,1.5,,0.58540583,5201.0,0.53853035,0.79726631,4.327e-05,34.19024918,-15.86143561,22.66,688350.53587344,2023-06-28 06:00:00+00:00,26000,30375.09
2023-06-28,7,BTC-230825-26000-C,BTCUSDT,C,230825-26000,4775.0,4775.0,4775.0,4775.0,0.0,0.0,4895.0,5415.0,4.83,4.65,,0.63976288,5147.0,0.56644678,0.7805579,4.338e-05,35.57745371,-17.3730432,22.66,683998.99663762,2023-06-28 07:00:00+00:00,26000,30186.13
2023-06-28,8,BTC-230825-26000-C,BTCUSDT,C,230825-26000,4775.0,4775.0,4775.0,4775.0,0.0,0.0,4955.0,5320.0,1.5,1.5,,0.59525013,5133.0,0.54239631,0.79175906,4.382e-05,34.59843073,-16.18926583,22.66,686078.72991419,2023-06-28 08:00:00+00:00,26000,30278.0
2023-06-28,9,BTC-230825-26000-C,BTCUSDT,C,230825-26000,4775.0,4775.0,4775.0,4775.0,0.0,0.0,4920.0,5445.0,2.39,5.5,,0.62369823,5173.0,0.54762959,0.79144773,4.342e-05,34.64966629,-16.38144943,22.66,686826.57963742,2023-06-28 09:00:00+00:00,26000,30304.42
2023-06-28,10,BTC-230825-26000-C,BTCUSDT,C,230825-26000,4775.0,4775.0,4775.0,4775.0,0.0,0.0,4920.0,5445.0,5.17,5.5,,0.61694145,5172.0,0.54004788,0.79533732,4.351e-05,34.29041158,-15.99866999,22.66,687354.20155161,2023-06-28 10:00:00+00:00,26000,30337.62
2023-06-28,11,BTC-230825-26000-C,BTCUSDT,C,230825-26000,4775.0,4775.0,4775.0,4775.0,0.0,0.0,4920.0,5445.0,5.17,5.5,,0.62261105,5173.0,0.54631591,0.79229699,4.344e-05,34.5497573,-16.31851147,22.66,687065.36125483,2023-06-28 11:00:00+00:00,26000,30310.73
2023-06-28,12,BTC-230825-26000-C,BTCUSDT,C,230825-26000,4775.0,4775.0,4775.0,4775.0,0.0,0.0,4735.0,5235.0,4.73,4.03,,0.60956478,4977.0,0.53773046,0.78573412,4.527e-05,34.92931842,-16.25022743,22.66,682104.68634732,2023-06-28 12:00:00+00:00,26000,30101.99
2023-06-28,13,BTC-230825-26000-C,BTCUSDT,C,230825-26000,4775.0,4775.0,4775.0,4775.0,0.0,0.0,4745.0,5095.0,1.5,1.5,,0.5497241,4914.0,0.49688935,0.80411973,4.632e-05,33.21027048,-14.28729567,22.66,684214.42448129,2023-06-28 13:00:00+00:00,26000,30202.34
2023-06-28,14,BTC-230825-26000-C,BTCUSDT,C,230825-26000,4775.0,4775.0,4775.0,4775.0,0.0,0.0,4970.0,5290.0,1.5,1.5,,0.57994366,5126.0,0.53289294,0.79683777,4.4e-05,34.06368117,-15.72761731,22.66,687685.46087032,2023-06-28 14:00:00+00:00,26000,30316.0
2023-06-28,15,BTC-230825-26000-C,BTCUSDT,C,230825-26000,4775.0,4775.0,4775.0,4775.0,0.0,0.0,5110.0,5470.0,1.5,1.5,,0.60914278,5285.0,0.5568552,0.79354408,4.239e-05,34.48989595,-16.65249201,22.66,689061.91891419,2023-06-28 15:00:00+00:00,26000,30411.06
2023-06-28,16,BTC-230825-26000-C,BTCUSDT,C,230825-26000,4775.0,4775.0,4775.0,4775.0,0.0,0.0,4955.0,5285.0,1.5,1.5,,0.5905509,5116.0,0.54265618,0.79149424,4.399e-05,34.50710455,-16.24771357,22.66,686342.78365721,2023-06-28 16:00:00+00:00,26000,30258.0
2023-06-28,17,BTC-230825-26000-C,BTCUSDT,C,230825-26000,4775.0,4775.0,4775.0,4775.0,0.0,0.0,4860.0,5245.0,1.5,1.5,,0.6026268,5048.0,0.54745674,0.78532929,4.452e-05,34.96401968,-16.62050747,22.66,683268.34209011,2023-06-28 17:00:00+00:00,26000,30155.23
2023-06-28,18,BTC-230825-26000-C,BTCUSDT,C,230825-26000,4775.0,4775.0,4775.0,4775.0,0.0,0.0,4905.0,5260.0,1.5,1.5,,0.59762239,5078.0,0.54649949,0.78763577,4.427e-05,34.78266932,-16.51734156,22.66,684204.52131419,2023-06-28 18:00:00+00:00,26000,30198.15
2023-06-28,19,BTC-230825-26000-C,BTCUSDT,C,230825-26000,4775.0,4775.0,4775.0,4775.0,0.0,0.0,4790.0,5220.0,1.5,1.5,,0.60798883,4999.0,0.54653168,0.78322956,4.497e-05,35.07124688,-16.66742915,22.66,682390.20234732,2023-06-28 19:00:00+00:00,26000,30100.0
2023-06-28,20,BTC-230825-26000-C,BTCUSDT,C,230825-26000,4775.0,4775.0,4775.0,4775.0,0.0,0.0,4810.0,6015.0,1.5,1.5,,0.81447601,5388.0,0.65178394,0.75691342,4.021e-05,37.39316543,-21.20863806,22.66,682072.93246603,2023-06-28 20:00:00+00:00,26000,30108.01
2023-06-28,21,BTC-230825-26000-C,BTCUSDT,C,230825-26000,4775.0,4775.0,4775.0,4775.0,0.0,0.0,4805.0,6025.0,1.5,1.5,,0.812006,5388.0,0.64638019,0.75926446,4.031e-05,37.21833128,-20.9496549,22.66,682907.79658903,2023-06-28 21:00:00+00:00,26000,30134.38
2023-06-28,22,BTC-230825-26000-C,BTCUSDT,C,230825-26000,4775.0,4775.0,4775.0,4775.0,0.0,0.0,4795.0,6025.0,1.5,1.5,,0.81768036,5384.0,0.65134168,0.75708964,4.025e-05,37.35087864,-21.20102746,22.66,682210.74759785,2023-06-28 22:00:00+00:00,26000,30105.94
2023-06-28,23,BTC-230825-26000-C,BTCUSDT,C,230825-26000,4775.0,4775.0,4775.0,4775.0,0.0,0.0,4780.0,6025.0,1.5,1.5,,0.82314253,5377.0,0.6552875,0.75519195,4.023e-05,37.45967331,-21.40713739,22.66,681621.13688796,2023-06-28 23:00:00+00:00,26000,30077.41
2023-06-29,0,BTC-230825-26000-C,BTCUSDT,C,230825-26000,4775.0,4775.0,4775.0,4775.0,0.0,0.0,4810.0,6025.0,1.5,1.5,,0.82354546,5394.0,0.66015244,0.75422094,4.003e-05,37.52513033,-21.61946284,22.66,681401.08338689,2023-06-29 00:00:00+00:00,26000,30079.99
2023-06-29,1,BTC-230825-26000-C,BTCUSDT,C,230825-26000,4775.0,4775.0,4775.0,4775.0,0.0,0.0,4835.0,6030.0,1.5,1.5,,0.80816507,5406.0,0.64523101,0.76107478,4.023e-05,37.0529577,-20.88009397,22.66,683597.40762193,2023-06-29 01:00:00+00:00,26000,30168.77
2023-06-29,2,BTC-230825-26000-C,BTCUSDT,C,230825-26000,4775.0,4775.0,4775.0,4775.0,0.0,0.0,4820.0,6030.0,1.5,1.5,,0.81769466,5400.0,0.6538868,0.75728356,4.011e-05,37.29679245,-21.31496735,22.66,682487.08754279,2023-06-29 02:00:00+00:00,26000,30121.15
2023-06-29,3,BTC-230825-26000-C,BTCUSDT,C,230825-26000,4775.0,4775.0,4775.0,4775.0,0.0,0.0,4865.0,6030.0,1.5,1.5,,0.80781937,5423.0,0.64921141,0.76051352,4.005e-05,37.07960897,-21.05466492,22.66,683640.54877592,2023-06-29 03:00:00+00:00,26000,30176.0
2023-06-29,4,BTC-230825-26000-C,BTCUSDT,C,230825-26000,4775.0,4775.0,4775.0,4775.0,0.0,0.0,4870.0,6030.0,1.5,1.5,,0.79909325,5424.0,0.63973665,0.76457699,4.022e-05,36.77783837,-20.59354611,22.66,684832.87066365,2023-06-29 04:00:00+00:00,26000,30221.3
2023-06-29,5,BTC-230825-26000-C,BTCUSDT,C,230825-26000,4775.0,4775.0,4775.0,4775.0,0.0,0.0,4870.0,6035.0,1.5,1.5,,0.80785275,5428.0,0.64896464,0.76106088,4.003e-05,37.01827189,-21.04252095,22.66,683981.21074946,2023-06-29 05:00:00+00:00,26000,30183.0
2023-06-29,6,BTC-230825-26000-C,BTCUSDT,C,230825-26000,4775.0,4775.0,4775.0,4775.0,0.0,0.0,4890.0,5340.0,1.5,1.5,,0.61389923,5108.0,0.54848075,0.78951788,4.402e-05,34.49652258,-16.58495957,22.66,685209.18105054,2023-06-29 06:00:00+00:00,26000,30235.56
2023-06-29,7,BTC-230825-26000-C,BTCUSDT,C,230825-26000,4775.0,4775.0,4775.0,4775.0,0.0,0.0,4835.0,5395.0,4.53,4.39,,0.60690403,5102.0,0.52227616,0.80274194,4.434e-05,33.290298,-15.25151366,22.66,687490.29601764,2023-06-29 07:00:00+00:00,26000,30340.29
2023-06-29,8,BTC-230825-26000-C,BTCUSDT,C,230825-26000,4775.0,4775.0,4775.0,4775.0,0.0,0.0,4990.0,5500.0,1.5,1.5,,0.62730312,5236.0,0.55226326,0.79483388,4.288e-05,34.11894868,-16.54072099,22.66,688429.42353183,2023-06-29 08:00:00+00:00,26000,30383.98
2023-06-29,9,BTC-230825-26000-C,BTCUSDT,C,230825-26000,4775.0,4775.0,4775.0,4775.0,0.0,0.0,5080.0,5600.0,1.5,1.5,,0.64424038,5331.0,0.56843638,0.79214585,4.193e-05,34.42834336,-17.19208114,22.66,689853.7888,2023-06-29 09:00:00+00:00,26000,30433.33
2023-06-29,10,BTC-230825-26000-C,BTCUSDT,C,230825-26000,4775.0,4775.0,4775.0,4775.0,0.0,0.0,5300.0,5845.0,1.5,5.2,,0.65544367,5562.0,0.57445407,0.80125931,4.006e-05,33.79846155,-17.06871193,22.66,695544.30993635,2023-06-29 10:00:00+00:00,26000,30697.11
2023-06-29,11,BTC-230825-26000-C,BTCUSDT,C,230825-26000,4775.0,4775.0,4775.0,4775.0,0.0,0.0,5240.0,5780.0,1.5,4.36,,0.64420938,5499.0,0.56327701,0.80350314,4.063e-05,33.52148741,-16.61162395,22.66,694896.2837385,2023-06-29 11:00:00+00:00,26000,30670.94
2023-06-29,12,BTC-230825-26000-C,BTCUSDT,C,230825-26000,4775.0,4775.0,4775.0,4775.0,0.0,0.0,5210.0,5745.0,1.5,3.38,,0.6440115,5467.0,0.56418657,0.8015388,4.089e-05,33.66424095,-16.7215632,22.66,694059.56946365,2023-06-29 12:00:00+00:00,26000,30623.93
2023-06-29,13,BTC-230825-26000-C,BTCUSDT,C,230825-26000,4775.0,4775.0,4775.0,4775.0,0.0,0.0,5105.0,5635.0,1.5,2.84,,0.6288147,5359.0,0.54902554,0.80346701,4.188e-05,33.37694162,-16.145189,22.66,691608.34512968,2023-06-29 13:00:00+00:00,26000,30564.0
2023-06-29,14,BTC-230825-26000-C,BTCUSDT,C,230825-26000,4775.0,4775.0,4775.0,4775.0,0.0,0.0,5035.0,5200.0,1.5,0.02,,0.52569866,5116.0,0.49982309,0.81626935,4.43e-05,31.905794,-14.06076361,22.66,690177.02996473,2023-06-29 14:00:00+00:00,26000,30450.01
2023-06-29,15,BTC-230825-26000-C,BTCUSDT,C,230825-26000,4775.0,4775.0,4775.0,4775.0,0.0,0.0,4570.0,5485.0,5.24,5.16,,0.60415745,4946.0,0.43820858,0.8429419,4.568e-05,28.86538072,-11.16093081,22.66,690643.88572753,2023-06-29 15:00:00+00:00,26000,30478.8
2023-06-29,16,BTC-230825-26000-C,BTCUSDT,C,230825-26000,4775.0,4775.0,4775.0,4775.0,0.0,0.0,5125.0,5645.0,1.5,1.5,,0.64426899,5376.0,0.56767106,0.79555729,4.159e-05,34.07820458,-17.08186012,22.66,691193.00974064,2023-06-29 16:00:00+00:00,26000,30502.01
2023-06-29,17,BTC-230825-26000-C,BTCUSDT,C,230825-26000,4775.0,4775.0,4775.0,4775.0,0.0,0.0,5140.0,5670.0,1.5,3.44,,0.64249516,5395.0,0.56378722,0.79852444,4.148e-05,33.81548513,-16.84659899,22.66,692032.29629893,2023-06-29 17:00:00+00:00,26000,30543.33
2023-06-29,18,BTC-230825-26000-C,BTCUSDT,C,230825-26000,4775.0,4775.0,4775.0,4775.0,0.0,0.0,5185.0,5710.0,1.5,1.5,,0.64852715,5438.0,0.57086229,0.79746141,4.107e-05,33.93710822,-17.13197771,22.66,692742.79935376,2023-06-29 18:00:00+00:00,26000,30566.8
2023-06-29,19,BTC-230825-26000-C,BTCUSDT,C,230825-26000,4775.0,4775.0,4775.0,4775.0,0.0,0.0,5180.0,5710.0,1.5,2.48,,0.64224005,5434.0,0.5629766,0.80116366,4.116e-05,33.5839166,-16.73181882,22.66,693477.68058451,2023-06-29 19:00:00+00:00,26000,30584.99
2023-06-29,20,BTC-230825-26000-C,BTCUSDT,C,230825-26000,4775.0,4775.0,4775.0,4775.0,0.0,0.0,4965.0,5510.0,1.5,1.5,,0.62923431,5226.0,0.54799318,0.79766242,4.303e-05,33.7075276,-16.35851651,22.66,689064.97427914,2023-06-29 20:00:00+00:00,26000,30398.98
2023-06-29,21,BTC-230825-26000-C,BTCUSDT,C,230825-26000,4775.0,4775.0,4775.0,4775.0,0.0,0.0,5000.0,5515.0,1.5,1.5,,0.62720299,5248.0,0.55049419,0.79765929,4.282e-05,33.71412138,-16.44852963,22.66,689262.59936043,2023-06-29 21:00:00+00:00,26000,30417.34
2023-06-29,22,BTC-230825-26000-C,BTCUSDT,C,230825-26000,4775.0,4775.0,4775.0,4775.0,0.0,0.0,5000.0,5515.0,1.5,1.5,,0.62965155,5248.0,0.55317044,0.79644435,4.28e-05,33.811013,-16.58824761,22.66,688807.40976258,2023-06-29 22:00:00+00:00,26000,30409.34
2023-06-29,23,BTC-230825-26000-C,BTCUSDT,C,230825-26000,4775.0,4775.0,4775.0,4775.0,0.0,0.0,5030.0,5525.0,1.5,1.5,,0.62385082,5268.0,0.54979563,0.79930701,4.266e-05,33.55801815,-16.37578212,22.66,689926.94075828,2023-06-29 23:00:00+00:00,26000,30447.31
2023-06-30,0,BTC-230825-26000-C,BTCUSDT,C,230825-26000,4775.0,4775.0,4775.0,4775.0,0.0,0.0,5000.0,5485.0,1.5,4.15,,0.61429024,5233.0,0.54111004,0.80188286,4.303e-05,33.27831362,-15.99457516,22.66,689758.40265054,2023-06-30 00:00:00+00:00,26000,30441.34
2023-06-30,1,BTC-230825-26000-C,BTCUSDT,C,230825-26000,4775.0,4775.0,4775.0,4775.0,0.0,0.0,4950.0,5455.0,1.5,1.5,,0.61802387,5193.0,0.54225802,0.79922147,4.338e-05,33.47430499,-16.13485044,22.66,688498.36222408,2023-06-30 01:00:00+00:00,26000,30384.53
2023-06-30,2,BTC-230825-26000-C,BTCUSDT,C,230825-26000,4775.0,4775.0,4775.0,4775.0,0.0,0.0,5210.0,5730.0,1.5,2.02,,0.63513279,5459.0,0.55601358,0.80649135,4.102e-05,33.02027283,-16.33184563,22.66,694745.6968329,2023-06-30 02:00:00+00:00,26000,30661.82
2023-06-30,3,BTC-230825-26000-C,BTCUSDT,C,230825-26000,4775.0,4775.0,4775.0,4775.0,0.0,0.0,5250.0,5795.0,1.5,2.05,,0.63702106,5510.0,0.55311441,0.81056682,4.061e-05,32.66039936,-16.08154356,22.66,696530.70471656,2023-06-30 03:00:00+00:00,26000,30745.05
2023-06-30,4,BTC-230825-26000-C,BTCUSDT,C,230825-26000,4775.0,4775.0,4775.0,4775.0,0.0,0.0,5280.0,6625.0,1.5,1.5,,0.83386421,5899.0,0.63575506,0.79225412,3.72e-05,34.67402968,-19.63847247,22.66,704491.15275613,2023-06-30 04:00:00+00:00,26000,30877.99
2023-06-30,5,BTC-230825-26000-C,BTCUSDT,C,230825-26000,4775.0,4775.0,4775.0,4775.0,0.0,0.0,5185.0,6445.0,1.5,1.5,,0.81492424,5771.0,0.63117027,0.78814841,3.81e-05,34.90146485,-19.63931282,22.66,696301.1389957,2023-06-30 05:00:00+00:00,26000,30736.63
2023-06-30,6,BTC-230825-26000-C,BTCUSDT,C,230825-26000,4775.0,4775.0,4775.0,4775.0,0.0,0.0,5165.0,6450.0,1.5,1.5,,0.83034992,5766.0,0.64590096,0.78190233,3.796e-05,35.40114424,-20.40056074,22.66,694841.30709226,2023-06-30 06:00:00+00:00,26000,30665.99
2023-06-30,7,BTC-230825-26000-C,BTCUSDT,C,230825-26000,4775.0,4775.0,4775.0,4775.0,0.0,0.0,5140.0,5685.0,5.15,4.91,,0.59924603,5395.0,0.51011801,0.82703674,4.162e-05,30.83535039,-14.04434308,22.66,697743.09190989,2023-06-30 07:00:00+00:00,26000,30765.09
2023-06-30,8,BTC-230825-26000-C,BTCUSDT,C,230825-26000,4775.0,4775.0,4775.0,4775.0,0.0,0.0,5380.0,5795.0,1.5,1.5,,0.6108427,5579.0,0.54555416,0.81821125,4.006e-05,31.90028069,-15.55025519,22.66,699536.46656258,2023-06-30 08:00:00+00:00,26000,30854.0
2023-06-30,9,BTC-230825-26000-C,BTCUSDT,C,230825-26000,4775.0,4775.0,4775.0,4775.0,0.0,0.0,5325.0,5720.0,1.5,1.5,,0.60899258,5515.0,0.54753423,0.81418118,4.059e-05,32.23765691,-15.78349919,22.66,697260.24964172,2023-06-30 09:00:00+00:00,26000,30768.83
2023-06-30,10,BTC-230825-26000-C,BTCUSDT,C,230825-26000,4775.0,4775.0,4775.0,4775.0,0.0,0.0,5435.0,5830.0,1.5,1.5,,0.63182354,5626.0,0.57165146,0.80815074,3.961e-05,32.90960091,-16.83473599,22.66,698257.42908796,2023-06-30 10:00:00+00:00,26000,30811.52
2023-06-30,11,BTC-230825-26000-C,BTCUSDT,C,230825-26000,4775.0,4775.0,4775.0,4775.0,0.0,0.0,5430.0,5905.0,1.5,1.5,,0.63055515,5657.0,0.55608273,0.81716712,3.941e-05,32.03743943,-15.95414592,22.66,700921.11706817,2023-06-30 11:00:00+00:00,26000,30910.01
2023-06-30,12,BTC-230825-26000-C,BTCUSDT,C,230825-26000,4775.0,4775.0,4775.0,4775.0,0.0,0.0,5605.0,6030.0,1.5,1.5,,0.64452171,5810.0,0.57892084,0.81377625,3.819e-05,32.49615141,-16.85977184,22.66,702501.97698357,2023-06-30 12:00:00+00:00,26000,31010.11
2023-06-30,13,BTC-230825-26000-C,BTCUSDT,C,230825-26000,4775.0,4775.0,4775.0,4775.0,0.0,0.0,4800.0,5170.0,1.5,1.5,,0.59887648,4980.0,0.5446279,0.78738071,4.528e-05,34.17193231,-16.6914655,22.66,679858.00160238,2023-06-30 13:00:00+00:00,26000,30135.62
2023-06-30,14,BTC-230825-26000-C,BTCUSDT,C,230825-26000,4775.0,4775.0,4775.0,4775.0,0.0,0.0,4775.0,5115.0,1.5,1.5,,0.58980703,4941.0,0.53987026,0.78763937,4.571e-05,34.10257382,-16.52442331,22.66,682130.34107048,2023-06-30 14:00:00+00:00,26000,30092.5
2023-06-30,15,BTC-230825-26000-C,BTCUSDT,C,230825-26000,4775.0,4775.0,4775.0,4775.0,0.0,0.0,4765.0,5280.0,1.5,1.5,,0.64129114,5015.0,0.56730866,0.77830995,4.465e-05,34.917949,-17.79274032,22.66,681212.96563286,2023-06-30 15:00:00+00:00,26000,30067.72
2023-06-30,16,BTC-230825-26000-C,BTCUSDT,C,230825-26000,4775.0,4775.0,4775.0,4775.0,0.0,0.0,5070.0,5670.0,1.5,1.5,,0.67896128,5360.0,0.59187889,0.78577772,4.151e-05,34.60035247,-18.40828224,22.66,689256.21260952,2023-06-30 16:00:00+00:00,26000,30400.53
2023-06-30,17,BTC-230825-26000-C,BTCUSDT,C,230825-26000,4775.0,4775.0,4775.0,4775.0,0.0,0.0,5020.0,5695.0,1.5,1.5,,0.67647457,5343.0,0.57669163,0.79205978,4.182e-05,34.04027459,-17.65883412,22.66,690191.41480238,2023-06-30 17:00:00+00:00,26000,30455.8
2023-06-30,18,BTC-230825-26000-C,BTCUSDT,C,230825-26000,4775.0,4775.0,4775.0,4775.0,0.0,0.0,5035.0,5505.0,1.5,1.5,,0.64268589,5263.0,0.57375669,0.78929801,4.25e-05,34.19439022,-17.66174604,22.66,687338.83004476,2023-06-30 18:00:00+00:00,26000,30359.99
2023-06-30,19,BTC-230825-26000-C,BTCUSDT,C,230825-26000,4775.0,4775.0,4775.0,4775.0,0.0,0.0,5050.0,5510.0,1.5,1.5,,0.63907385,5273.0,0.57129622,0.79111686,4.245e-05,34.03503064,-17.51718931,22.66,689869.67479286,2023-06-30 19:00:00+00:00,26000,30372.36
2023-06-30,20,BTC-230825-26000-C,BTCUSDT,C,230825-26000,4775.0,4775.0,4775.0,4775.0,0.0,0.0,5085.0,5515.0,1.5,1.5,,0.63694954,5294.0,0.57361007,0.79123278,4.226e-05,34.03054025,-17.59902907,22.66,688731.91086119,2023-06-30 20:00:00+00:00,26000,30397.54
2023-06-30,21,BTC-230825-26000-C,BTCUSDT,C,230825-26000,4775.0,4775.0,4775.0,4775.0,0.0,0.0,5125.0,5515.0,1.5,1.5,,0.61902046,5314.0,0.56045055,0.79875059,4.222e-05,33.37429021,-16.87635936,22.66,690547.73663762,2023-06-30 21:00:00+00:00,26000,30479.56
2023-06-30,22,BTC-230825-26000-C,BTCUSDT,C,230825-26000,4775.0,4775.0,4775.0,4775.0,0.0,0.0,5115.0,5525.0,1.5,1.5,,0.62265396,5314.0,0.56107759,0.7985195,4.222e-05,33.38204502,-16.91188588,22.66,690464.04126119,2023-06-30 22:00:00+00:00,26000,30476.68
2023-06-30,23,BTC-230825-26000-C,BTCUSDT,C,230825-26000,4775.0,4775.0,4775.0,4775.0,0.0,0.0,5145.0,5675.0,1.5,1.5,,0.66610575,5401.0,0.58824897,0.79035071,4.125e-05,34.16129169,-18.15844011,22.66,690489.79101881,2023-06-30 23:00:00+00:00,26000,30472.0
2023-07-01,0,BTC-230825-26000-C,BTCUSDT,C,230825-26000,4775.0,4775.0,4775.0,4775.0,0.0,0.0,5120.0,5675.0,1.5,1.5,,0.6664896,5388.0,0.58464408,0.79141501,4.14e-05,34.04554966,-17.99957034,22.66,690551.84742833,2023-07-01 00:00:00+00:00,26000,30469.83
2023-07-01,1,BTC-230825-26000-C,BTCUSDT,C,230825-26000,4775.0,4775.0,4775.0,4775.0,0.0,0.0,5090.0,5665.0,1.5,1.5,,0.66929817,5367.0,0.58460951,0.79045358,4.156e-05,34.09708305,-18.0393437,22.66,689910.25752,2023-07-01 01:00:00+00:00,26000,30447.78
2023-07-01,2,BTC-230825-26000-C,BTCUSDT,C,230825-26000,4775.0,4775.0,4775.0,4775.0,0.0,0.0,5055.0,5675.0,1.5,1.5,,0.67751408,5353.0,0.58640718,0.78898845,4.165e-05,34.19650825,-18.1612745,22.66,689249.63587762,2023-07-01 02:00:00+00:00,26000,30420.85
2023-07-01,3,BTC-230825-26000-C,BTCUSDT,C,230825-26000,4775.0,4775.0,4775.0,4775.0,0.0,0.0,5010.0,5495.0,1.5,1.5,,0.63290119,5244.0,0.5602622,0.79571619,4.282e-05,33.5076768,-17.01487694,22.66,688818.73331762,2023-07-01 03:00:00+00:00,26000,30398.01
2023-07-01,4,BTC-230825-26000-C,BTCUSDT,C,230825-26000,4775.0,4775.0,4775.0,4775.0,0.0,0.0,5035.0,5500.0,1.5,1.5,,0.63659906,5260.0,0.56744933,0.79319516,4.262e-05,33.7294493,-17.36031694,22.66,688586.40167048,2023-07-01 04:00:00+00:00,26000,30389.15
2023-07-01,5,BTC-230825-26000-C,BTCUSDT,C,230825-26000,4775.0,4775.0,4775.0,4775.0,0.0,0.0,5065.0,5500.0,1.5,1.5,,0.62786341,5276.0,0.56263804,0.79645846,4.254e-05,33.44437193,-17.08054953,22.66,689527.73006119,2023-07-01 05:00:00+00:00,26000,30429.36
2023-07-01,6,BTC-230825-26000-C,BTCUSDT,C,230825-26000,4775.0,4775.0,4775.0,4775.0,0.0,0.0,5090.0,5510.0,1.5,1.5,,0.62622547,5293.0,0.56312919,0.7972766,4.239e-05,33.3747591,-17.07278702,22.66,690055.75071524,2023-07-01 06:00:00+00:00,26000,30450.26
2023-07-01,7,BTC-230825-26000-C,BTCUSDT,C,230825-26000,4775.0,4775.0,4775.0,4775.0,0.0,0.0,4670.0,5660.0,4.51,4.97,,0.66720963,5109.0,0.50444126,0.81755203,4.437e-05,31.28773382,-14.34801872,22.66,690170.42364476,2023-07-01 07:00:00+00:00,26000,30459.88
2023-07-01,8,BTC-230825-26000-C,BTCUSDT,C,230825-26000,4775.0,4775.0,4775.0,4775.0,0.0,0.0,5090.0,5590.0,1.5,1.5,,0.65163851,5332.0,0.57737827,0.79269346,4.194e-05,33.78417333,-17.74639292,22.66,689771.60231286,2023-07-01 08:00:00+00:00,26000,30441.7
2023-07-01,9,BTC-230825-26000-C,BTCUSDT,C,230825-26000,4775.0,4775.0,4775.0,4775.0,0.0,0.0,5090.0,5590.0,1.5,1.5,,0.65147877,5332.0,0.57714939,0.79290309,4.194e-05,33.75323211,-17.73655835,22.66,689839.21175524,2023-07-01 09:00:00+00:00,26000,30441.23
2023-07-01,10,BTC-230825-26000-C,BTCUSDT,C,230825-26000,4775.0,4775.0,4775.0,4775.0,0.0,0.0,5125.0,5590.0,1.5,1.5,,0.6458497,5350.0,0.57651401,0.79428024,4.18e-05,33.63697862,-17.66941703,22.66,690366.69923286,2023-07-01 10:00:00+00:00,26000,30469.98
2023-07-01,11,BTC-230825-26000-C,BTCUSDT,C,230825-26000,4775.0,4775.0,4775.0,4775.0,0.0,0.0,5175.0,5615.0,1.5,1.5,,0.64113855,5388.0,0.57510853,0.79703693,4.151e-05,33.41499464,-17.5233231,22.66,691669.53726595,2023-07-01 11:00:00+00:00,26000,30523.02
2023-07-01,12,BTC-230825-26000-C,BTCUSDT,C,230825-26000,4775.0,4775.0,4775.0,4775.0,0.0,0.0,5220.0,5615.0,1.5,1.5,,0.63180208,5412.0,0.57212949,0.7997731,4.135e-05,33.1782759,-17.32221992,22.66,692653.45845881,2023-07-01 12:00:00+00:00,26000,30564.01
2023-07-01,13,BTC-230825-26000-C,BTCUSDT,C,230825-26000,4775.0,4775.0,4775.0,4775.0,0.0,0.0,5235.0,5620.0,1.5,1.5,,0.63396931,5422.0,0.57599902,0.79858343,4.123e-05,33.28141698,-17.50690371,22.66,692613.03568476,2023-07-01 13:00:00+00:00,26000,30565.26
2023-07-01,14,BTC-230825-26000-C,BTCUSDT,C,230825-26000,4775.0,4775.0,4775.0,4775.0,0.0,0.0,5235.0,5620.0,1.5,1.5,,0.62366724,5421.0,0.56478739,0.80399619,4.132e-05,32.77649264,-16.91857951,22.66,693668.36520238,2023-07-01 14:00:00+00:00,26000,30608.52
2023-07-01,15,BTC-230825-26000-C,BTCUSDT,C,230825-26000,4775.0,4775.0,4775.0,4775.0,0.0,0.0,5205.0,5640.0,1.5,1.5,,0.63814163,5415.0,0.57224035,0.80022605,4.132e-05,33.10286693,-17.3257246,22.66,692777.40599286,2023-07-01 15:00:00+00:00,26000,30572.58
2023-07-01,16,BTC-230825-26000-C,BTCUSDT,C,230825-26000,4775.0,4775.0,4775.0,4775.0,0.0,0.0,5200.0,5610.0,1.5,1.5,,0.62989712,5398.0,0.56749225,0.80171718,4.15e-05,32.94047402,-17.11071821,22.66,692776.74218833,2023-07-01 16:00:00+00:00,26000,30572.0
2023-07-01,17,BTC-230825-26000-C,BTCUSDT,C,230825-26000,4775.0,4775.0,4775.0,4775.0,0.0,0.0,5215.0,5615.0,1.5,1.5,,0.6313324,5409.0,0.57059407,0.80087795,4.139e-05,33.01307751,-17.25532063,22.66,692808.13828476,2023-07-01 17:00:00+00:00,26000,30573.86
2023-07-01,18,BTC-230825-26000-C,BTCUSDT,C,230825-26000,4775.0,4775.0,4775.0,4775.0,0.0,0.0,5230.0,5620.0,1.5,1.5,,0.6248951,5419.0,0.56513309,0.80410742,4.135e-05,32.71396997,-16.94827487,22.66,693608.72674833,2023-07-01 18:00:00+00:00,26000,30608.87
2023-07-01,19,BTC-230825-26000-C,BTCUSDT,C,230825-26000,4775.0,4775.0,4775.0,4775.0,0.0,0.0,5250.0,5620.0,1.5,1.5,,0.62471867,5429.0,0.56815982,0.80330925,4.124e-05,32.78412685,-17.08864184,22.66,693801.44071762,2023-07-01 19:00:00+00:00,26000,30609.51
2023-07-01,20,BTC-230825-26000-C,BTCUSDT,C,230825-26000,4775.0,4775.0,4775.0,4775.0,0.0,0.0,5250.0,5620.0,1.5,1.5,,0.63127518,5430.0,0.57520509,0.80008332,4.119e-05,33.06500782,-17.46211784,22.66,692984.12650833,2023-07-01 20:00:00+00:00,26000,30582.58
2023-07-01,21,BTC-230825-26000-C,BTCUSDT,C,230825-26000,4775.0,4775.0,4775.0,4775.0,0.0,0.0,5250.0,5620.0,1.5,1.5,,0.63088179,5430.0,0.57474017,0.80040516,4.12e-05,33.02335233,-17.43936583,22.66,693093.77424952,2023-07-01 21:00:00+00:00,26000,30584.65
2023-07-01,22,BTC-230825-26000-C,BTCUSDT,C,230825-26000,4775.0,4775.0,4775.0,4775.0,0.0,0.0,5205.0,5620.0,1.5,1.5,,0.63327789,5406.0,0.57000875,0.80152029,4.143e-05,32.88925668,-17.23876805,22.66,692755.88699048,2023-07-01 22:00:00+00:00,26000,30577.64
2023-07-01,23,BTC-230825-26000-C,BTCUSDT,C,230825-26000,4775.0,4775.0,4775.0,4775.0,0.0,0.0,5225.0,5620.0,1.5,1.5,,0.63131571,5416.0,0.57108402,0.80165921,4.133e-05,32.87319235,-17.27608612,22.66,693100.88682357,2023-07-01 23:00:00+00:00,26000,30585.9
2023-07-02,0,BTC-230825-26000-C,BTCUSDT,C,230825-26000,4775.0,4775.0,4775.0,4775.0,0.0,0.0,5260.0,5620.0,1.5,1.5,,0.63434124,5435.0,0.57994843,0.79854793,4.112e-05,33.15632427,-17.70893687,22.66,692799.05828952,2023-07-02 00:00:00+00:00,26000,30575.77
2023-07-02,1,BTC-230825-26000-C,BTCUSDT,C,230825-26000,4775.0,4775.0,4775.0,4775.0,0.0,0.0,5240.0,5620.0,1.5,1.5,,0.63655138,5425.0,0.57909012,0.79851199,4.121e-05,33.1377299,-17.68638511,22.66,692567.84364714,2023-07-02 01:00:00+00:00,26000,30567.56
2023-07-02,2,BTC-230825-26000-C,BTCUSDT,C,230825-26000,4775.0,4775.0,4775.0,4775.0,0.0,0.0,5190.0,5775.0,1.5,1.5,,0.68597317,5472.0,0.59889078,0.79192773,4.066e-05,33.73913383,-18.63740376,22.66,692293.76694833,2023-07-02 02:00:00+00:00,26000,30542.0
2023-07-02,3,BTC-230825-26000-C,BTCUSDT,C,230825-26000,4775.0,4775.0,4775.0,4775.0,0.0,0.0,5150.0,5775.0,1.5,1.5,,0.69338799,5451.0,0.60063362,0.79015379,4.081e-05,33.8583381,-18.77210942,22.66,691414.08442119,2023-07-02 03:00:00+00:00,26000,30509.31
2023-07-02,4,BTC-230825-26000-C,BTCUSDT,C,230825-26000,4775.0,4775.0,4775.0,4775.0,0.0,0.0,5185.0,5775.0,1.5,1.5,,0.68965197,5469.0,0.6020534,0.79058519,4.065e-05,33.82502728,-18.81244199,22.66,691797.83285405,2023-07-02 04:00:00+00:00,26000,30527.67
2023-07-02,5,BTC-230825-26000-C,BTCUSDT,C,230825-26000,4775.0,4775.0,4775.0,4775.0,0.0,0.0,5165.0,5775.0,1.5,1.5,,0.69965601,5459.0,0.60990214,0.78666987,4.064e-05,34.12993128,-19.24429626,22.66,690925.10561405,2023-07-02 05:00:00+00:00,26000,30481.27
2023-07-02,6,BTC-230825-26000-C,BTCUSDT,C,230825-26000,4775.0,4775.0,4775.0,4775.0,0.0,0.0,5175.0,5775.0,1.5,1.5,,0.70047855,5465.0,0.61233878,0.78597883,4.058e-05,34.178209,-19.36342794,22.66,690666.17379286,2023-07-02 06:00:00+00:00,26000,30480.0
2023-07-02,7,BTC-230825-26000-C,BTCUSDT,C,230825-26000,4775.0,4775.0,4775.0,4775.0,0.0,0.0,4675.0,5925.0,5.25,5.25,,0.73537827,5215.0,0.52904129,0.8127858,4.331e-05,31.55921754,-15.45937555,22.66,691406.38801881,2023-07-02 07:00:00+00:00,26000,30513.01
2023-07-02,8,BTC-230825-26000-C,BTCUSDT,C,230825-26000,4775.0,4775.0,4775.0,4775.0,0.0,0.0,5105.0,5800.0,1.5,1.5,,0.70680618,5438.0,0.60370564,0.78864896,4.088e-05,33.90846241,-18.96901229,22.66,690933.00462357,2023-07-02 08:00:00+00:00,26000,30484.01
2023-07-02,9,BTC-230825-26000-C,BTCUSDT,C,230825-26000,4775.0,4775.0,4775.0,4775.0,0.0,0.0,4100.0,6510.0,3.12,5.12,,0.89118481,5272.0,0.5455924,0.80758572,4.273e-05,32.07731364,-16.22980052,22.66,691578.78796476,2023-07-02 09:00:00+00:00,26000,30516.81
2023-07-02,10,BTC-230825-26000-C,BTCUSDT,C,230825-26000,4775.0,4775.0,4775.0,4775.0,0.0,0.0,5165.0,5585.0,1.5,1.5,,0.64107895,5369.0,0.57742596,0.79732398,4.169e-05,33.07970466,-17.72721671,22.66,691378.23896714,2023-07-02 10:00:00+00:00,26000,30509.99
2023-07-02,11,BTC-230825-26000-C,BTCUSDT,C,230825-26000,4775.0,4775.0,4775.0,4775.0,0.0,0.0,5160.0,5585.0,1.5,1.5,,0.63378811,5365.0,0.5685997,0.80145826,4.179e-05,32.6959303,-17.26708253,22.66,692135.25891524,2023-07-02 11:00:00+00:00,26000,30544.74
2023-07-02,12,BTC-230825-26000-C,BTCUSDT,C,230825-26000,4775.0,4775.0,4775.0,4775.0,0.0,0.0,5170.0,6360.0,1.5,1.5,,0.8510828,5736.0,0.68131924,0.77169974,3.787e-05,35.43701025,-22.44205569,22.66,691788.12371048,2023-07-02 12:00:00+00:00,26000,30525.99
2023-07-02,13,BTC-230825-26000-C,BTCUSDT,C,230825-26000,4775.0,4775.0,4775.0,4775.0,0.0,0.0,4095.0,5725.0,4.76,0.02,,0.6801486,4953.0,0.4400743,0.84925198,4.539e-05,27.39641698,-11.21530833,22.66,691571.79535524,2023-07-02 13:00:00+00:00,26000,30517.96
2023-07-02,14,BTC-230825-26000-C,BTCUSDT,C,230825-26000,4775.0,4775.0,4775.0,4775.0,0.0,0.0,5225.0,6360.0,1.5,1.5,,0.83878517,5765.0,0.67558527,0.77553354,3.778e-05,35.14756068,-22.10566562,22.66,693257.82465167,2023-07-02 14:00:00+00:00,26000,30590.23
2023-07-02,15,BTC-230825-26000-C,BTCUSDT,C,230825-26000,4775.0,4775.0,4775.0,4775.0,0.0,0.0,5130.0,6140.0,1.5,1.5,,0.79891682,5611.0,0.6527698,0.77718994,3.907e-05,34.87939455,-21.2126186,22.66,690893.58955286,2023-07-02 15:00:00+00:00,26000,30498.01
2023-07-02,16,BTC-230825-26000-C,BTCUSDT,C,230825-26000,4775.0,4775.0,4775.0,4775.0,0.0,0.0,5220.0,6175.0,1.5,1.5,,0.79548359,5676.0,0.65711856,0.77875937,3.859e-05,34.7995155,-21.32158745,22.66,692625.08813881,2023-07-02 16:00:00+00:00,26000,30561.58
2023-07-02,17,BTC-230825-26000-C,BTCUSDT,C,230825-26000,4775.0,4775.0,4775.0,4775.0,0.0,0.0,5095.0,6175.0,1.5,1.5,,0.8202529,5610.0,0.66547394,0.77219937,3.891e-05,35.22681827,-21.87482838,22.66,689953.78338119,2023-07-02 17:00:00+00:00,26000,30441.2
2023-07-02,18,BTC-230825-26000-C,BTCUSDT,C,230825-26000,4775.0,4775.0,4775.0,4775.0,0.0,0.0,5140.0,6125.0,1.5,1.5,,0.79134941,5609.0,0.64795852,0.77936658,3.916e-05,34.66885522,-20.97802674,22.66,691598.28889405,2023-07-02 18:00:00+00:00,26000,30523.07
2023-07-02,19,BTC-230825-26000-C,BTCUSDT,C,230825-26000,4775.0,4775.0,4775.0,4775.0,0.0,0.0,5170.0,6135.0,1.5,1.5,,0.7866621,5629.0,0.64552784,0.78148949,3.905e-05,34.50611789,-20.8174345,22.66,692455.01284238,2023-07-02 19:00:00+00:00,26000,30557.74
2023-07-02,20,BTC-230825-26000-C,BTCUSDT,C,230825-26000,4775.0,4775.0,4775.0,4775.0,0.0,0.0,5220.0,6145.0,1.5,1.5,,0.78336716,5661.0,0.64804077,0.78214214,3.881e-05,34.46798956,-20.89164727,22.66,693179.04249643,2023-07-02 20:00:00+00:00,26000,30588.47
2023-07-02,21,BTC-230825-26000-C,BTCUSDT,C,230825-26000,4775.0,4775.0,4775.0,4775.0,0.0,0.0,5185.0,6145.0,1.5,1.5,,0.79022408,5643.0,0.65013885,0.78045682,3.891e-05,34.57154181,-21.03865623,22.66,692347.98566357,2023-07-02 21:00:00+00:00,26000,30557.44
2023-07-02,22,BTC-230825-26000-C,BTCUSDT,C,230825-26000,4775.0,4775.0,4775.0,4775.0,0.0,0.0,5245.0,6135.0,1.5,1.5,,0.76824427,5668.0,0.63622355,0.78762477,3.89e-05,34.00481137,-20.26665786,22.66,694581.68583286,2023-07-02 22:00:00+00:00,26000,30651.29
2023-07-02,23,BTC-230825-26000-C,BTCUSDT,C,230825-26000,4775.0,4775.0,4775.0,4775.0,0.0,0.0,5240.0,6135.0,1.5,1.5,,0.77548742,5667.0,0.64371467,0.78451664,3.883e-05,34.2433988,-20.66469547,22.66,693775.14178833,2023-07-02 23:00:00+00:00,26000,30617.03
2023-07-03,0,BTC-230825-26000-C,BTCUSDT,C,230825-26000,4775.0,4775.0,4775.0,4775.0,0.0,0.0,5230.0,6145.0,1.5,1.5,,0.7748127,5665.0,0.63933849,0.78636501,3.89e-05,34.07851332,-20.44193961,22.66,693982.40347762,2023-07-03 00:00:00+00:00,26000,30637.99
2023-07-03,1,BTC-230825-26000-C,BTCUSDT,C,230825-26000,4775.0,4775.0,4775.0,4775.0,0.0,0.0,5285.0,6155.0,1.5,1.5,,0.77249527,5700.0,0.64390659,0.78628756,3.861e-05,34.10100186,-20.61770438,22.66,694900.38940238,2023-07-03 01:00:00+00:00,26000,30660.86
2023-07-03,2,BTC-230825-26000-C,BTCUSDT,C,230825-26000,4775.0,4775.0,4775.0,4775.0,0.0,0.0,5370.0,6165.0,1.5,1.5,,0.75598478,5749.0,0.63712239,0.79163229,3.835e-05,33.68701465,-20.16859518,22.66,696915.97507524,2023-07-03 02:00:00+00:00,26000,30755.0
2023-07-03,3,BTC-230825-26000-C,BTCUSDT,C,230825-26000,4775.0,4775.0,4775.0,4775.0,0.0,0.0,5400.0,6170.0,1.5,1.5,,0.75696468,5768.0,0.64224601,0.79052043,3.817e-05,33.78320542,-20.40481446,22.66,697138.36831286,2023-07-03 03:00:00+00:00,26000,30756.65
2023-07-03,4,BTC-230825-26000-C,BTCUSDT,C,230825-26000,4775.0,4775.0,4775.0,4775.0,0.0,0.0,5275.0,6170.0,1.5,1.5,,0.77390194,5701.0,0.64084053,0.78791036,3.865e-05,33.92896131,-20.46404595,22.66,695244.96536,2023-07-03 04:00:00+00:00,26000,30679.99
2023-07-03,5,BTC-230825-26000-C,BTCUSDT,C,230825-26000,4775.0,4775.0,4775.0,4775.0,0.0,0.0,5290.0,6170.0,1.5,1.5,,0.77516556,5709.0,0.64472318,0.7868275,3.855e-05,34.01157052,-20.65435763,22.66,695065.69587462,2023-07-03 05:00:00+00:00,26000,30673.62
2023-07-03,6,BTC-230825-26000-C,BTCUSDT,C,230825-26000,4775.0,4775.0,4775.0,4775.0,0.0,0.0,5195.0,5580.0,1.5,1.5,,0.61228275,5380.0,0.55080175,0.8128919,4.177e-05,31.40797522,-16.30752308,22.66,694454.88187914,2023-07-03 06:00:00+00:00,26000,30651.25
2023-07-03,7,BTC-230825-26000-C,BTCUSDT,C,230825-26000,4775.0,4775.0,4775.0,4775.0,0.0,0.0,5.0,0.0,2.3,0.0,,-1e-08,5099.0,0.45,0.85284582,4.377e-05,26.90103342,-11.42024754,22.66,694828.85654279,2023-07-03 07:00:00+00:00,26000,30667.19
2023-07-03,8,BTC-230825-26000-C,BTCUSDT,C,230825-26000,4775.0,4775.0,4775.0,4775.0,0.0,0.0,5255.0,5645.0,1.5,1.5,,0.63419819,5444.0,0.57335377,0.80546175,4.114e-05,32.13315806,-17.39448926,22.66,694351.08164839,2023-07-03 08:00:00+00:00,26000,30640.12
2023-07-03,9,BTC-230825-26000-C,BTCUSDT,C,230825-26000,4775.0,4775.0,4775.0,4775.0,0.0,0.0,5255.0,5645.0,1.5,1.5,,0.64116716,5444.0,0.58089137,0.8020445,4.109e-05,32.4307811,-17.8004001,22.66,693563.4574,2023-07-03 09:00:00+00:00,26000,30610.61
2023-07-03,10,BTC-230825-26000-C,BTCUSDT,C,230825-26000,4775.0,4775.0,4775.0,4775.0,0.0,0.0,5255.0,5645.0,1.5,1.5,,0.63389301,5444.0,0.572927,0.80587473,4.115e-05,32.06994864,-17.37469067,22.66,694570.86621764,2023-07-03 10:00:00+00:00,26000,30640.09
2023-07-03,11,BTC-230825-26000-C,BTCUSDT,C,230825-26000,4775.0,4775.0,4775.0,4775.0,0.0,0.0,5255.0,5645.0,1.5,1.5,,0.63848972,5444.0,0.57788849,0.8036553,4.112e-05,32.259895,-17.64285218,22.66,694458.79882193,2023-07-03 11:00:00+00:00,26000,30625.22
2023-07-03,12,BTC-230825-26000-C,BTCUSDT,C,230825-26000,4775.0,4775.0,4775.0,4775.0,0.0,0.0,5255.0,5645.0,1.5,1.5,,0.63295364,5444.0,0.57180643,0.80661513,4.115e-05,31.97651098,-17.31747808,22.66,694490.99594279,2023-07-03 12:00:00+00:00,26000,30653.06
2023-07-03,13,BTC-230825-26000-C,BTCUSDT,C,230825-26000,4775.0,4775.0,4775.0,4775.0,0.0,0.0,5255.0,5645.0,1.5,1.5,,0.63349724,5444.0,0.57235241,0.80646425,4.115e-05,31.97779682,-17.34840288,22.66,694422.80428344,2023-07-03 13:00:00+00:00,26000,30653.84
2023-07-03,14,BTC-230825-26000-C,BTCUSDT,C,230825-26000,4775.0,4775.0,4775.0,4775.0,0.0,0.0,5255.0,5650.0,1.5,1.5,,0.61418533,5445.0,0.55011034,0.81735398,4.121e-05,30.93159,-16.14145495,22.66,696172.08193167,2023-07-03 14:00:00+00:00,26000,30736.27
2023-07-03,15,BTC-230825-26000-C,BTCUSDT,C,230825-26000,4775.0,4775.0,4775.0,4775.0,0.0,0.0,5630.0,6055.0,1.5,1.5,,0.65937519,5834.0,0.59120893,0.81700896,3.801e-05,31.27941268,-17.55632676,22.66,703758.38600952,2023-07-03 15:00:00+00:00,26000,31068.64
2023-07-03,16,BTC-230825-26000-C,BTCUSDT,C,230825-26000,4775.0,4775.0,4775.0,4775.0,0.0,0.0,5550.0,5970.0,1.5,1.5,,0.63789368,5751.0,0.56888938,0.82346268,3.866e-05,30.55319672,-16.51438033,22.66,703428.25380238,2023-07-03 16:00:00+00:00,26000,31042.22
2023-07-03,17,BTC-230825-26000-C,BTCUSDT,C,230825-26000,4775.0,4775.0,4775.0,4775.0,0.0,0.0,5585.0,6010.0,1.5,1.5,,0.66040039,5790.0,0.59263945,0.81448152,3.835e-05,31.46317136,-17.73024556,22.66,702543.46624554,2023-07-03 17:00:00+00:00,26000,31000.98
2023-07-03,18,BTC-230825-26000-C,BTCUSDT,C,230825-26000,4775.0,4775.0,4775.0,4775.0,0.0,0.0,5545.0,6135.0,2.88,1.5,,0.6507349,5818.0,0.5487895,0.83630788,3.802e-05,29.23161101,-15.26562409,22.66,707487.90119241,2023-07-03 18:00:00+00:00,26000,31199.14
2023-07-03,19,BTC-230825-26000-C,BTCUSDT,C,230825-26000,4775.0,4775.0,4775.0,4775.0,0.0,0.0,5875.0,7130.0,1.5,1.5,,0.92216492,6468.0,0.73745131,0.7874725,3.32e-05,34.39942567,-24.15990105,22.66,708185.84927098,2023-07-03 19:00:00+00:00,26000,31255.84
2023-07-03,20,BTC-230825-26000-C,BTCUSDT,C,230825-26000,4775.0,4775.0,4775.0,4775.0,0.0,0.0,5725.0,7005.0,1.5,1.5,,0.91413975,6328.0,0.72562218,0.78579362,3.405e-05,34.40670003,-23.79627553,22.66,705231.7712,2023-07-03 20:00:00+00:00,26000,31121.18
2023-07-03,21,BTC-230825-26000-C,BTCUSDT,C,230825-26000,4775.0,4775.0,4775.0,4775.0,0.0,0.0,5660.0,6790.0,1.5,1.5,,0.87195396,6194.0,0.7045126,0.78770194,3.499e-05,34.1295706,-22.93612251,22.66,703702.16956964,2023-07-03 21:00:00+00:00,26000,31050.23
2023-07-03,22,BTC-230825-26000-C,BTCUSDT,C,230825-26000,4775.0,4775.0,4775.0,4775.0,0.0,0.0,5725.0,6805.0,1.5,1.5,,0.86098909,6236.0,0.69966316,0.79142205,3.48e-05,33.84432687,-22.60584585,22.66,705617.57634419,2023-07-03 22:00:00+00:00,26000,31120.69
2023-07-03,23,BTC-230825-26000-C,BTCUSDT,C,230825-26000,4775.0,4775.0,4775.0,4775.0,0.0,0.0,5750.0,6810.0,1.5,1.5,,0.85602283,6251.0,0.69699526,0.79319298,3.473e-05,33.69529739,-22.43833502,22.66,705981.41276205,2023-07-03 23:00:00+00:00,26000,31156.2
2023-07-04,0,BTC-230825-26000-C,BTCUSDT,C,230825-26000,4775.0,4775.0,4775.0,4775.0,0.0,0.0,4900.0,6970.0,5.32,2.94,,0.90910912,5761.0,0.55455456,0.83154864,3.852e-05,29.62626561,-15.70936445,22.66,705035.67041272,2023-07-04 00:00:00+00:00,26000,31112.86
2023-07-04,1,BTC-230825-26000-C,BTCUSDT,C,230825-26000,4775.0,4775.0,4775.0,4775.0,0.0,0.0,5860.0,6385.0,1.5,1.5,,0.7064724,6111.0,0.62246323,0.81694984,3.599e-05,31.39057701,-18.69806269,22.66,708747.41856964,2023-07-04 01:00:00+00:00,26000,31288.8
2023-07-04,2,BTC-230825-26000-C,BTCUSDT,C,230825-26000,4775.0,4775.0,4775.0,4775.0,0.0,0.0,5850.0,6505.0,1.5,1.5,,0.7481432,6162.0,0.64553976,0.8097239,3.559e-05,32.11229129,-19.85291898,22.66,708394.40607286,2023-07-04 02:00:00+00:00,26000,31259.77
2023-07-04,3,BTC-230825-26000-C,BTCUSDT,C,230825-26000,4775.0,4775.0,4775.0,4775.0,0.0,0.0,5770.0,6440.0,1.5,1.5,,0.74477196,6089.0,0.6397748,0.80894663,3.609e-05,32.11127708,-19.69071689,22.66,706728.44553881,2023-07-04 03:00:00+00:00,26000,31195.69
2023-07-04,4,BTC-230825-26000-C,BTCUSDT,C,230825-26000,4775.0,4775.0,4775.0,4775.0,0.0,0.0,5645.0,6215.0,1.5,1.5,,0.71081161,5918.0,0.62113643,0.80911344,3.733e-05,31.94056169,-19.03063977,22.66,703859.78284476,2023-07-04 04:00:00+00:00,26000,31058.0
2023-07-04,5,BTC-230825-26000-C,BTCUSDT,C,230825-26000,4775.0,4775.0,4775.0,4775.0,0.0,0.0,5620.0,6225.0,1.5,1.5,,0.73286533,5911.0,0.63979626,0.80102,3.728e-05,32.6569567,-20.05804226,22.66,702134.55259785,2023-07-04 05:00:00+00:00,26000,30972.7
2023-07-04,6,BTC-230825-26000-C,BTCUSDT,C,230825-26000,4775.0,4775.0,4775.0,4775.0,0.0,0.0,5560.0,5980.0,1.5,1.5,,0.65459013,5762.0,0.58663249,0.81727384,3.857e-05,31.00726375,-17.47625073,22.66,702486.4773385,2023-07-04 06:00:00+00:00,26000,30999.55
2023-07-04,7,BTC-230825-26000-C,BTCUSDT,C,230825-26000,4775.0,4775.0,4775.0,4775.0,0.0,0.0,5165.0,6360.0,5.86,4.58,,0.7857275,5697.0,0.58959007,0.81296245,3.907e-05,31.35646319,-17.77639932,22.66,700593.43981643,2023-07-04 07:00:00+00:00,26000,30911.41
2023-07-04,8,BTC-230825-26000-C,BTCUSDT,C,230825-26000,4775.0,4775.0,4775.0,4775.0,0.0,0.0,5565.0,6125.0,1.5,1.5,,0.71498871,5834.0,0.6282258,0.80261938,3.789e-05,32.41187989,-19.59452261,22.66,700615.34153397,2023-07-04 08:00:00+00:00,26000,30930.76
2023-07-04,9,BTC-230825-26000-C,BTCUSDT,C,230825-26000,4775.0,4775.0,4775.0,4775.0,0.0,0.0,5610.0,6125.0,1.5,1.5,,0.6951046,5857.0,0.61362267,0.81007014,3.78e-05,31.73703214,-18.7555935,22.66,702753.52697643,2023-07-04 09:00:00+00:00,26000,31016.91
2023-07-04,10,BTC-230825-26000-C,BTCUSDT,C,230825-26000,4775.0,4775.0,4775.0,4775.0,0.0,0.0,5565.0,6135.0,1.5,1.5,,0.69620132,5837.0,0.60502052,0.8129804,3.797e-05,31.43290607,-18.33016774,22.66,702979.1729714,2023-07-04 10:00:00+00:00,26000,31025.64
2023-07-04,11,BTC-230825-26000-C,BTCUSDT,C,230825-26000,4775.0,4775.0,4775.0,4775.0,0.0,0.0,5670.0,6145.0,1.5,1.5,,0.6896925,5898.0,0.61418056,0.81195907,3.75e-05,31.56837692,-18.70290602,22.66,704124.49652538,2023-07-04 11:00:00+00:00,26000,31067.99
2023-07-04,12,BTC-230825-26000-C,BTCUSDT,C,230825-26000,4775.0,4775.0,4775.0,4775.0,0.0,0.0,5570.0,5990.0,1.5,1.5,,0.64846039,5771.0,0.57936192,0.82168273,3.85e-05,30.50567638,-17.06241978,22.66,703522.54732086,2023-07-04 12:00:00+00:00,26000,31044.9
2023-07-04,13,BTC-230825-26000-C,BTCUSDT,C,230825-26000,4775.0,4775.0,4775.0,4775.0,0.0,0.0,5480.0,6060.0,5.71,2.04,,0.68086624,5755.0,0.58625221,0.81785325,3.863e-05,30.85774029,-17.47866133,22.66,702471.74086817,2023-07-04 13:00:00+00:00,26000,30999.55
2023-07-04,14,BTC-230825-26000-C,BTCUSDT,C,230825-26000,4775.0,4775.0,4775.0,4775.0,0.0,0.0,5535.0,5955.0,1.5,1.5,,0.65600395,5737.0,0.58798552,0.81633672,3.877e-05,30.97807898,-17.61288413,22.66,701793.77856925,2023-07-04 14:00:00+00:00,26000,30972.4
2023-07-04,15,BTC-230825-26000-C,BTCUSDT,C,230825-26000,4775.0,4775.0,4775.0,4775.0,0.0,0.0,5535.0,5955.0,1.5,1.5,,0.65884113,5737.0,0.59107065,0.81505374,3.876e-05,31.0893506,-17.78322048,22.66,701266.38823527,2023-07-04 15:00:00+00:00,26000,30964.37
2023-07-04,16,BTC-230825-26000-C,BTCUSDT,C,230825-26000,4775.0,4775.0,4775.0,4775.0,0.0,0.0,5490.0,5905.0,1.5,1.5,,0.64476967,5689.0,0.57673931,0.8194365,3.915e-05,30.61127262,-17.09900274,22.66,701335.0579957,2023-07-04 16:00:00+00:00,26000,30960.29
2023-07-04,17,BTC-230825-26000-C,BTCUSDT,C,230825-26000,4775.0,4775.0,4775.0,4775.0,0.0,0.0,5490.0,5905.0,1.5,1.5,,0.6593132,5690.0,0.59279919,0.81223583,3.912e-05,31.29321925,-17.98118249,22.66,700169.41016473,2023-07-04 17:00:00+00:00,26000,30900.01
2023-07-04,18,BTC-230825-26000-C,BTCUSDT,C,230825-26000,4775.0,4775.0,4775.0,4775.0,0.0,0.0,5510.0,6675.0,1.5,1.5,,0.87883949,6061.0,0.70588112,0.78339677,3.58e-05,34.07585236,-23.33402948,22.66,700155.80171419,2023-07-04 18:00:00+00:00,26000,30902.0
2023-07-04,19,BTC-230825-26000-C,BTCUSDT,C,230825-26000,4775.0,4775.0,4775.0,4775.0,0.0,0.0,4490.0,6665.0,4.21,4.82,,0.91780663,5419.0,0.55890331,0.8149157,4.143e-05,30.78839387,-16.70653539,22.66,695720.09177354,2023-07-04 19:00:00+00:00,26000,30696.84
2023-07-04,20,BTC-230825-26000-C,BTCUSDT,C,230825-26000,4775.0,4775.0,4775.0,4775.0,0.0,0.0,5410.0,6515.0,1.5,1.5,,0.85687399,5934.0,0.69257021,0.78271304,3.671e-05,33.99726998,-22.87820997,22.66,697880.50364387,2023-07-04 20:00:00+00:00,26000,30797.13
2023-07-04,21,BTC-230825-26000-C,BTCUSDT,C,230825-26000,4775.0,4775.0,4775.0,4775.0,0.0,0.0,5410.0,6515.0,1.5,1.5,,0.85652828,5934.0,0.692029,0.783018,3.672e-05,33.95963002,-22.8535269,22.66,698045.29164624,2023-07-04 21:00:00+00:00,26000,30803.72
2023-07-04,22,BTC-230825-26000-C,BTCUSDT,C,230825-26000,4775.0,4775.0,4775.0,4775.0,0.0,0.0,5410.0,6515.0,1.5,1.5,,0.85335255,5933.0,0.6881249,0.7845761,3.677e-05,33.82311859,-22.65160554,22.66,698347.15521764,2023-07-04 22:00:00+00:00,26000,30820.01
2023-07-04,23,BTC-230825-26000-C,BTCUSDT,C,230825-26000,4775.0,4775.0,4775.0,4775.0,0.0,0.0,5395.0,5935.0,1.5,1.5,,0.70112705,5655.0,0.61709166,0.80039428,3.927e-05,32.26334805,-19.39231011,22.66,697157.02462646,2023-07-04 23:00:00+00:00,26000,30766.51
2023-07-05,0,BTC-230825-26000-C,BTCUSDT,C,230825-26000,4775.0,4775.0,4775.0,4775.0,0.0,0.0,5360.0,5935.0,1.5,1.5,,0.70259094,5636.0,0.61269522,0.80148682,3.945e-05,32.13837674,-19.19515055,22.66,697052.50973397,2023-07-05 00:00:00+00:00,26000,30762.27
2023-07-05,1,BTC-230825-26000-C,BTCUSDT,C,230825-26000,4775.0,4775.0,4775.0,4775.0,0.0,0.0,5410.0,5935.0,1.5,1.5,,0.69503069,5662.0,0.61271787,0.80289743,3.925e-05,32.02279448,-19.14237453,22.66,697800.86992968,2023-07-05 01:00:00+00:00,26000,30795.93
2023-07-05,2,BTC-230825-26000-C,BTCUSDT,C,230825-26000,4775.0,4775.0,4775.0,4775.0,0.0,0.0,5430.0,5945.0,1.5,1.5,,0.68927765,5677.0,0.60784698,0.80587627,3.917e-05,31.75514821,-18.84680204,22.66,698667.00734279,2023-07-05 02:00:00+00:00,26000,30837.99
2023-07-05,3,BTC-230825-26000-C,BTCUSDT,C,230825-26000,4775.0,4775.0,4775.0,4775.0,0.0,0.0,5430.0,5945.0,1.5,1.5,,0.68155766,5677.0,0.59911966,0.80983239,3.921e-05,31.37962238,-18.37147675,22.66,699463.3170944,2023-07-05 03:00:00+00:00,26000,30868.71
2023-07-05,4,BTC-230825-26000-C,BTCUSDT,C,230825-26000,4775.0,4775.0,4775.0,4775.0,0.0,0.0,5430.0,5945.0,1.5,1.5,,0.68920374,5677.0,0.60763121,0.80618766,3.917e-05,31.70108494,-18.83869353,22.66,698733.20193397,2023-07-05 04:00:00+00:00,26000,30834.86
2023-07-05,5,BTC-230825-26000-C,BTCUSDT,C,230825-26000,4775.0,4775.0,4775.0,4775.0,0.0,0.0,5380.0,5945.0,1.5,1.5,,0.69547176,5650.0,0.60591459,0.80574078,3.939e-05,31.70612967,-18.80378265,22.66,698160.35297405,2023-07-05 05:00:00+00:00,26000,30814.08
2023-07-05,6,BTC-230825-26000-C,BTCUSDT,C,230825-26000,4775.0,4775.0,4775.0,4775.0,0.0,0.0,5305.0,5670.0,1.5,1.5,,0.61218262,5480.0,0.55096507,0.82304324,4.089e-05,29.91027528,-16.1431966,22.66,698220.14071762,2023-07-05 06:00:00+00:00,26000,30810.72
2023-07-05,7,BTC-230825-26000-C,BTCUSDT,C,230825-26000,4775.0,4775.0,4775.0,4775.0,0.0,0.0,5155.0,5720.0,2.06,2.02,,0.63700914,5419.0,0.54087758,0.82509108,4.142e-05,29.64331563,-15.71902079,22.66,697215.12972952,2023-07-05 07:00:00+00:00,26000,30774.25
2023-07-05,8,BTC-230825-26000-C,BTCUSDT,C,230825-26000,4775.0,4775.0,4775.0,4775.0,0.0,0.0,5300.0,5695.0,1.5,1.5,,0.63100338,5490.0,0.56611419,0.8164392,4.081e-05,30.53905107,-16.96345329,22.66,697351.99879524,2023-07-05 08:00:00+00:00,26000,30764.29
2023-07-05,9,BTC-230825-26000-C,BTCUSDT,C,230825-26000,4775.0,4775.0,4775.0,4775.0,0.0,0.0,5300.0,5695.0,1.5,1.5,,0.65259457,5491.0,0.5898118,0.80553059,4.073e-05,31.54097718,-18.2683172,22.66,695291.35971048,2023-07-05 09:00:00+00:00,26000,30680.0
2023-07-05,10,BTC-230825-26000-C,BTCUSDT,C,230825-26000,4775.0,4775.0,4775.0,4775.0,0.0,0.0,5015.0,5380.0,1.5,1.5,,0.61603546,5192.0,0.55757523,0.80529631,4.348e-05,31.29895866,-17.15137098,22.66,689913.90444714,2023-07-05 10:00:00+00:00,26000,30430.21
2023-07-05,11,BTC-230825-26000-C,BTCUSDT,C,230825-26000,4775.0,4775.0,4775.0,4775.0,0.0,0.0,5015.0,5380.0,1.5,1.5,,0.62372208,5192.0,0.56589365,0.80136972,4.342e-05,31.63433074,-17.60819293,22.66,688789.52057881,2023-07-05 11:00:00+00:00,26000,30404.3
2023-07-05,12,BTC-230825-26000-C,BTCUSDT,C,230825-26000,4775.0,4775.0,4775.0,4775.0,0.0,0.0,4940.0,5295.0,1.5,1.5,,0.61775208,5112.0,0.56171536,0.79915869,4.417e-05,31.74673163,-17.55467386,22.66,687957.64980215,2023-07-05 12:00:00+00:00,26000,30321.22
2023-07-05,13,BTC-230825-26000-C,BTCUSDT,C,230825-26000,4775.0,4775.0,4775.0,4775.0,0.0,0.0,4955.0,5315.0,1.5,1.5,,0.61560869,5129.0,0.55834889,0.80186967,4.405e-05,31.51216306,-17.33475604,22.66,687922.61893635,2023-07-05 13:00:00+00:00,26000,30357.31
2023-07-05,14,BTC-230825-26000-C,BTCUSDT,C,230825-26000,4775.0,4775.0,4775.0,4775.0,0.0,0.0,4955.0,5315.0,1.5,1.5,,0.60167789,5129.0,0.54308772,0.80955313,4.414e-05,30.80937175,-16.49845949,22.66,689364.71627699,2023-07-05 14:00:00+00:00,26000,30417.65
2023-07-05,15,BTC-230825-26000-C,BTCUSDT,C,230825-26000,4775.0,4775.0,4775.0,4775.0,0.0,0.0,4870.0,5220.0,1.5,1.5,,0.58735847,5039.0,0.52989721,0.81146818,4.506e-05,30.54510396,-15.97279121,22.66,687906.73701549,2023-07-05 15:00:00+00:00,26000,30356.11
2023-07-05,16,BTC-230825-26000-C,BTCUSDT,C,230825-26000,4775.0,4775.0,4775.0,4775.0,0.0,0.0,5075.0,5495.0,1.5,1.5,,0.64543962,5278.0,0.57907701,0.80025453,4.258e-05,31.73863906,-18.15220925,22.66,690464.59034517,2023-07-05 16:00:00+00:00,26000,30462.6
2023-07-05,17,BTC-230825-26000-C,BTCUSDT,C,230825-26000,4775.0,4775.0,4775.0,4775.0,0.0,0.0,5135.0,5670.0,1.5,1.5,,0.68369389,5392.0,0.60007691,0.79667936,4.146e-05,32.12800194,-19.05693691,22.66,691739.65111419,2023-07-05 17:00:00+00:00,26000,30523.21
2023-07-05,18,BTC-230825-26000-C,BTCUSDT,C,230825-26000,4775.0,4775.0,4775.0,4775.0,0.0,0.0,5115.0,5675.0,1.5,1.5,,0.69088459,5384.0,0.60373306,0.79471836,4.15e-05,32.27347647,-19.27573982,22.66,690723.19074732,2023-07-05 18:00:00+00:00,26000,30505.52
2023-07-05,19,BTC-230825-26000-C,BTCUSDT,C,230825-26000,4775.0,4775.0,4775.0,4775.0,0.0,0.0,5080.0,5675.0,1.5,1.5,,0.7070303,5367.0,0.61579227,0.78852687,4.152e-05,32.75435042,-19.97016505,22.66,689660.27987032,2023-07-05 19:00:00+00:00,26000,30431.95
2023-07-05,20,BTC-230825-26000-C,BTCUSDT,C,230825-26000,4775.0,4775.0,4775.0,4775.0,0.0,0.0,5105.0,5675.0,1.5,1.5,,0.70059538,5380.0,0.61273336,0.79067727,4.145e-05,32.5772781,-19.77986519,22.66,690424.05882646,2023-07-05 20:00:00+00:00,26000,30460.29
2023-07-05,21,BTC-230825-26000-C,BTCUSDT,C,230825-26000,4775.0,4775.0,4775.0,4775.0,0.0,0.0,5090.0,5675.0,1.5,1.5,,0.69894314,5371.0,0.60829878,0.79232502,4.157e-05,32.42164946,-19.55904864,22.66,690164.44743957,2023-07-05 21:00:00+00:00,26000,30469.99
2023-07-05,22,BTC-230825-26000-C,BTCUSDT,C,230825-26000,4775.0,4775.0,4775.0,4775.0,0.0,0.0,5065.0,5675.0,1.5,1.5,,0.7058835,5358.0,0.6117785,0.79019941,4.164e-05,32.57147878,-19.77818936,22.66,689516.84705054,2023-07-05 22:00:00+00:00,26000,30436.92
2023-07-05,23,BTC-230825-26000-C,BTCUSDT,C,230825-26000,4775.0,4775.0,4775.0,4775.0,0.0,0.0,5140.0,5675.0,1.5,1.5,,0.69108248,5398.0,0.60784459,0.79414112,4.137e-05,32.26636066,-19.48304135,22.66,691421.72882408,2023-07-05 23:00:00+00:00,26000,30504.81
2023-07-06,0,BTC-230825-26000-C,BTCUSDT,C,230825-26000,4775.0,4775.0,4775.0,4775.0,0.0,0.0,5055.0,5675.0,1.5,1.5,,0.71198225,5353.0,0.61678052,0.78794969,4.163e-05,32.72196817,-20.06522076,22.66,689136.05695613,2023-07-06 00:00:00+00:00,26000,30413.1
2023-07-06,1,BTC-230825-26000-C,BTCUSDT,C,230825-26000,4775.0,4775.0,4775.0,4775.0,0.0,0.0,5095.0,5480.0,1.5,1.5,,0.64072609,5282.0,0.57953358,0.80123792,4.256e-05,31.53841725,-18.18663438,22.66,690596.6832043,2023-07-06 01:00:00+00:00,26000,30476.71
2023-07-06,2,BTC-230825-26000-C,BTCUSDT,C,230825-26000,4775.0,4775.0,4775.0,4775.0,0.0,0.0,5095.0,5650.0,1.5,1.5,,0.69206238,5362.0,0.60561419,0.7936103,4.168e-05,32.24073537,-19.44442375,22.66,690558.77128129,2023-07-06 02:00:00+00:00,26000,30471.65
2023-07-06,3,BTC-230825-26000-C,BTCUSDT,C,230825-26000,4775.0,4775.0,4775.0,4775.0,0.0,0.0,5135.0,5650.0,1.5,1.5,,0.68770885,5384.0,0.60746908,0.79401172,4.149e-05,32.21176359,-19.50263715,22.66,691097.6310615,2023-07-06 03:00:00+00:00,26000,30490.85
2023-07-06,4,BTC-230825-26000-C,BTCUSDT,C,230825-26000,4775.0,4775.0,4775.0,4775.0,0.0,0.0,5080.0,5650.0,1.5,1.5,,0.69413662,5354.0,0.60524344,0.79357884,4.175e-05,32.2098781,-19.44619757,22.66,690313.60253183,2023-07-06 04:00:00+00:00,26000,30465.4
2023-07-06,5,BTC-230825-26000-C,BTCUSDT,C,230825-26000,4775.0,4775.0,4775.0,4775.0,0.0,0.0,5175.0,5720.0,1.5,1.5,,0.68863869,5437.0,0.60252547,0.79921476,4.111e-05,31.78959719,-19.12216737,22.66,693215.12090774,2023-07-06 05:00:00+00:00,26000,30582.51
2023-07-06,6,BTC-230825-26000-C,BTCUSDT,C,230825-26000,4775.0,4775.0,4775.0,4775.0,0.0,0.0,5190.0,5615.0,1.5,1.5,,0.63055038,5393.0,0.55971026,0.81709656,4.167e-05,30.12154169,-16.84529441,22.66,693399.08275613,2023-07-06 06:00:00+00:00,26000,30692.56
2023-07-06,7,BTC-230825-26000-C,BTCUSDT,C,230825-26000,4775.0,4775.0,4775.0,4775.0,0.0,0.0,5190.0,5740.0,5.13,2.31,,0.64254284,5448.0,0.54796219,0.82567473,4.116e-05,29.31602607,-16.06407009,,,2023-07-06 07:00:00+00:00,26000,30803.19
2023-07-06,8,BTC-230825-26000-C,BTCUSDT,C,230825-26000,4775.0,4775.0,4775.0,4775.0,0.0,0.0,5880.0,6395.0,1.5,1.5,,0.71184158,6126.0,0.62623143,0.82189539,3.589e-05,30.22583515,-18.94414605,,,2023-07-06 08:00:00+00:00,26000,31329.97
2023-07-06,9,BTC-230825-26000-C,BTCUSDT,C,230825-26000,4775.0,4775.0,4775.0,4775.0,0.0,0.0,5625.0,6235.0,1.5,1.5,,0.73022366,5916.0,0.63172579,0.81027832,3.736e-05,31.14839682,-19.71009112,,,2023-07-06 09:00:00+00:00,26000,31069.6
2023-07-06,10,BTC-230825-26000-C,BTCUSDT,C,230825-26000,4775.0,4775.0,4775.0,4775.0,0.0,0.0,5805.0,6245.0,1.5,1.5,,0.69354057,6016.0,0.62076569,0.81959511,3.666e-05,30.33747578,-18.87965874,,,2023-07-06 10:00:00+00:00,26000,31231.64
2023-07-06,11,BTC-230825-26000-C,BTCUSDT,C,230825-26000,4775.0,4775.0,4775.0,4775.0,0.0,0.0,5335.0,5950.0,1.5,1.5,,0.69736958,5626.0,0.59656024,0.81207856,3.964e-05,30.72025483,-18.3877709,,,2023-07-06 11:00:00+00:00,26000,30846.55
2023-07-06,12,BTC-230825-26000-C,BTCUSDT,C,230825-26000,4775.0,4775.0,4775.0,4775.0,0.0,0.0,5150.0,5525.0,1.5,1.5,,0.62676668,5331.0,0.56505799,0.81197205,4.222e-05,30.47485946,-17.29210937,,,2023-07-06 12:00:00+00:00,26000,30600.31
2023-07-06,13,BTC-230825-26000-C,BTCUSDT,C,230825-26000,4775.0,4775.0,4775.0,4775.0,0.0,0.0,4990.0,5435.0,1.5,1.5,,0.65644503,5205.0,0.58630228,0.79533157,4.319e-05,31.82017073,-18.74998424,,,2023-07-06 13:00:00+00:00,26000,30373.47
2023-07-06,14,BTC-230825-26000-C,BTCUSDT,C,230825-26000,4775.0,4775.0,4775.0,4775.0,0.0,0.0,4740.0,5080.0,1.5,1.5,,0.58588982,4904.0,0.53019762,0.80634609,4.645e-05,30.60618149,-16.32253561,,,2023-07-06 14:00:00+00:00,26000,30214.35
2023-07-06,15,BTC-230825-26000-C,BTCUSDT,C,230825-26000,4775.0,4775.0,4775.0,4775.0,0.0,0.0,4745.0,5420.0,3.34,5.77,,0.64122677,5057.0,0.52625895,0.81712998,4.489e-05,29.7300889,-15.75072643,,,2023-07-06 15:00:00+00:00,26000,30407.01
2023-07-06,16,BTC-230825-26000-C,BTCUSDT,C,230825-26000,4775.0,4775.0,4775.0,4775.0,0.0,0.0,5035.0,5400.0,1.5,1.5,,0.65852404,5213.0,0.60194373,0.78888425,4.297e-05,32.31371723,-19.59802013,22.66,687103.03661764,2023-07-06 16:00:00+00:00,26000,30313.99
2023-07-06,17,BTC-230825-26000-C,BTCUSDT,C,230825-26000,4775.0,4775.0,4775.0,4775.0,0.0,0.0,4985.0,5280.0,1.5,1.5,,0.62851667,5129.0,0.58214307,0.79357204,4.39e-05,31.84959853,-18.69675137,22.66,686474.90141764,2023-07-06 17:00:00+00:00,26000,30294.86
2023-07-06,18,BTC-230825-26000-C,BTCUSDT,C,230825-26000,4775.0,4775.0,4775.0,4775.0,0.0,0.0,5055.0,5755.0,1.5,1.5,,0.74945211,5392.0,0.6430614,0.78070844,4.107e-05,33.07094738,-21.4633925,22.66,688372.35519333,2023-07-06 18:00:00+00:00,26000,30378.01
2023-07-06,19,BTC-230825-26000-C,BTCUSDT,C,230825-26000,4775.0,4775.0,4775.0,4775.0,0.0,0.0,4980.0,5755.0,1.5,1.5,,0.76339722,5352.0,0.64621449,0.77740003,4.133e-05,33.27225112,-21.71818748,22.66,686746.21632086,2023-07-06 19:00:00+00:00,26000,30309.88
2023-07-06,20,BTC-230825-26000-C,BTCUSDT,C,230825-26000,4775.0,4775.0,4775.0,4775.0,0.0,0.0,4985.0,5755.0,1.5,1.5,,0.76312542,5355.0,0.64664602,0.77747574,4.131e-05,33.25483023,-21.73961113,22.66,686774.41681549,2023-07-06 20:00:00+00:00,26000,30315.16
2023-07-06,21,BTC-230825-26000-C,BTCUSDT,C,230825-26000,4775.0,4775.0,4775.0,4775.0,0.0,0.0,4845.0,5755.0,1.5,1.5,,0.782094,5280.0,0.64475775,0.77434603,4.19e-05,33.40855994,-21.79469425,22.66,684898.00446817,2023-07-06 21:00:00+00:00,26000,30224.72
2023-07-06,22,BTC-230825-26000-C,BTCUSDT,C,230825-26000,4775.0,4775.0,4775.0,4775.0,0.0,0.0,4790.0,5755.0,1.5,1.5,,0.7946372,5251.0,0.64987898,0.7707471,4.204e-05,33.62840235,-22.13101927,22.66,683373.17073635,2023-07-06 22:00:00+00:00,26000,30167.3
2023-07-06,23,BTC-230825-26000-C,BTCUSDT,C,230825-26000,4775.0,4775.0,4775.0,4775.0,0.0,0.0,4485.0,5700.0,1.5,1.5,,0.83290815,5063.0,0.65341592,0.75887635,4.338e-05,34.26605706,-22.69254921,22.66,677936.78523527,2023-07-06 23:00:00+00:00,26000,29895.43
2023-07-07,0,BTC-230825-26000-C,BTCUSDT,C,230825-26000,4775.0,4775.0,4775.0,4775.0,0.0,0.0,4670.0,5695.0,1.5,1.5,,0.80206394,5159.0,0.64915776,0.76622668,4.274e-05,33.8398458,-22.28307026,22.66,680632.4935385,2023-07-07 00:00:00+00:00,26000,30052.6
2023-07-07,1,BTC-230825-26000-C,BTCUSDT,C,230825-26000,4775.0,4775.0,4775.0,4775.0,0.0,0.0,4820.0,5700.0,1.5,1.5,,0.79663277,5244.0,0.66661596,0.76383702,4.182e-05,34.0554878,-23.04764107,22.66,681887.89773167,2023-07-07 01:00:00+00:00,26000,30086.0
2023-07-07,2,BTC-230825-26000-C,BTCUSDT,C,230825-26000,4775.0,4775.0,4775.0,4775.0,0.0,0.0,4775.0,5705.0,1.5,1.5,,0.79663992,5222.0,0.65831542,0.76609419,4.213e-05,33.87033725,-22.65608134,22.66,681790.50238595,2023-07-07 02:00:00+00:00,26000,30102.98
2023-07-07,3,BTC-230825-26000-C,BTCUSDT,C,230825-26000,4775.0,4775.0,4775.0,4775.0,0.0,0.0,4805.0,5710.0,1.5,1.5,,0.7897234,5239.0,0.65437794,0.76880661,4.207e-05,33.68364726,-22.4154155,22.66,683022.78784238,2023-07-07 03:00:00+00:00,26000,30135.4
2023-07-07,4,BTC-230825-26000-C,BTCUSDT,C,230825-26000,4775.0,4775.0,4775.0,4775.0,0.0,0.0,4790.0,5710.0,1.5,1.5,,0.7999897,5232.0,0.66348076,0.76480525,4.198e-05,33.93771876,-22.91808457,22.66,681827.47284238,2023-07-07 04:00:00+00:00,26000,30087.81
2023-07-07,5,BTC-230825-26000-C,BTCUSDT,C,230825-26000,4775.0,4775.0,4775.0,4775.0,0.0,0.0,4870.0,5730.0,1.5,1.5,,0.78075886,5283.0,0.6511426,0.77273799,4.181e-05,33.41334904,-22.16317461,22.66,684580.10300714,2023-07-07 05:00:00+00:00,26000,30208.4
2023-07-07,6,BTC-230825-26000-C,BTCUSDT,C,230825-26000,4775.0,4775.0,4775.0,4775.0,0.0,0.0,4645.0,5185.0,3.83,4.48,,0.64272404,4904.0,0.55622101,0.79488096,4.628e-05,31.38040277,-17.79551587,22.66,682753.53905643,2023-07-07 06:00:00+00:00,26000,30117.0
2023-07-07,7,BTC-230825-26000-C,BTCUSDT,C,230825-26000,4775.0,4775.0,4775.0,4775.0,0.0,0.0,4530.0,5125.0,3.54,2.11,,0.65628052,4815.0,0.56266904,0.78656947,4.707e-05,31.96366115,-18.35165143,22.66,679758.02568238,2023-07-07 07:00:00+00:00,26000,30007.4
2023-07-07,8,BTC-230825-26000-C,BTCUSDT,C,230825-26000,4775.0,4775.0,4775.0,4775.0,0.0,0.0,4685.0,5015.0,1.5,1.5,,0.60695887,4846.0,0.55446506,0.79259368,4.687e-05,31.49318579,-17.83339596,22.66,681403.55489405,2023-07-07 08:00:00+00:00,26000,30055.41
2023-07-07,9,BTC-230825-26000-C,BTCUSDT,C,230825-26000,4775.0,4775.0,4775.0,4775.0,0.0,0.0,4780.0,5120.0,1.5,1.5,,0.61963797,4945.0,0.56561112,0.79301685,4.579e-05,31.52818325,-18.22761869,22.66,682903.98672086,2023-07-07 09:00:00+00:00,26000,30138.79
2023-07-07,10,BTC-230825-26000-C,BTCUSDT,C,230825-26000,4775.0,4775.0,4775.0,4775.0,0.0,0.0,4780.0,5120.0,1.5,1.5,,0.61316252,4945.0,0.55859566,0.79657986,4.586e-05,31.22057654,-17.84109908,22.66,683517.20367247,2023-07-07 10:00:00+00:00,26000,30165.88
2023-07-07,11,BTC-230825-26000-C,BTCUSDT,C,230825-26000,4775.0,4775.0,4775.0,4775.0,0.0,0.0,4780.0,5120.0,1.5,1.5,,0.62492609,4946.0,0.57120204,0.79053626,4.573e-05,31.70229958,-18.54103811,22.66,682586.31593183,2023-07-07 11:00:00+00:00,26000,30118.7
2023-07-07,12,BTC-230825-26000-C,BTCUSDT,C,230825-26000,4775.0,4775.0,4775.0,4775.0,0.0,0.0,4840.0,5185.0,1.5,1.5,,0.62467575,5008.0,0.56958675,0.79500111,4.517e-05,31.37664651,-18.31431391,22.66,684450.68610774,2023-07-07 12:00:00+00:00,26000,30203.98
2023-07-07,13,BTC-230825-26000-C,BTCUSDT,C,230825-26000,4775.0,4775.0,4775.0,4775.0,0.0,0.0,4915.0,5270.0,1.5,1.5,,0.60725927,5086.0,0.54817319,0.81007529,4.457e-05,30.12679889,-16.93815334,22.66,688519.20942408,2023-07-07 13:00:00+00:00,26000,30385.39
2023-07-07,14,BTC-230825-26000-C,BTCUSDT,C,230825-26000,4775.0,4775.0,4775.0,4775.0,0.0,0.0,5000.0,5365.0,1.5,1.5,,0.63193321,5177.0,0.57252169,0.80320729,4.36e-05,30.79521075,-18.0984655,22.66,688836.71337592,2023-07-07 14:00:00+00:00,26000,30411.49
2023-07-07,15,BTC-230825-26000-C,BTCUSDT,C,230825-26000,4775.0,4775.0,4775.0,4775.0,0.0,0.0,5000.0,5365.0,1.5,1.5,,0.63588142,5177.0,0.57676554,0.80130877,4.357e-05,30.94571078,-18.33741294,22.66,689219.1818043,2023-07-07 15:00:00+00:00,26000,30390.83
2023-07-07,16,BTC-230825-26000-C,BTCUSDT,C,230825-26000,4775.0,5000.0,4775.0,5000.0,0.02,0.02,5000.0,5360.0,1.5,1.5,,0.64312696,5175.0,0.58545232,0.79721448,4.352e-05,31.27705007,-18.82901503,22.64,687256.71269446,2023-07-07 16:00:00+00:00,26000,30354.85
2023-07-07,17,BTC-230825-26000-C,BTCUSDT,C,230825-26000,5000.0,5000.0,5000.0,5000.0,0.02,0.02,4900.0,5250.0,1.5,1.5,,0.6375742,5070.0,0.58192253,0.79320951,4.449e-05,31.50794225,-18.8698221,22.64,684469.9128,2023-07-07 17:00:00+00:00,26000,30238.46
2023-07-07,18,BTC-230825-26000-C,BTCUSDT,C,230825-26000,5000.0,5000.0,5000.0,5000.0,0.02,0.02,4825.0,5170.0,1.5,1.5,,0.63058376,4993.0,0.57578444,0.79187535,4.526e-05,31.53885183,-18.70514262,22.64,682779.9587078,2023-07-07 18:00:00+00:00,26000,30166.32
2023-07-07,19,BTC-230825-26000-C,BTCUSDT,C,230825-26000,5000.0,5000.0,5000.0,5000.0,0.02,0.02,4825.0,5170.0,1.5,1.5,,0.61171532,4992.0,0.55536747,0.80193548,4.545e-05,30.68724038,-17.56978451,22.64,684203.87289672,2023-07-07 19:00:00+00:00,26000,30246.2
2023-07-07,20,BTC-230825-26000-C,BTCUSDT,C,230825-26000,5000.0,5000.0,5000.0,5000.0,0.02,0.02,4825.0,5170.0,1.5,1.5,,0.60706615,4992.0,0.55026174,0.80459351,4.549e-05,30.44424023,-17.28525862,22.64,685181.8188922,2023-07-07 20:00:00+00:00,26000,30264.12
2023-07-07,21,BTC-230825-26000-C,BTCUSDT,C,230825-26000,5000.0,5000.0,5000.0,5000.0,0.02,0.02,4770.0,5275.0,5.63,2.13,,0.63406467,5011.0,0.5504024,0.80570775,4.531e-05,30.34938834,-17.25064263,22.64,685638.71897153,2023-07-07 21:00:00+00:00,26000,30289.64
2023-07-07,22,BTC-230825-26000-C,BTCUSDT,C,230825-26000,5000.0,5000.0,5000.0,5000.0,0.02,0.02,4770.0,5275.0,5.63,5.04,,0.63100815,5010.0,0.54682732,0.80760289,4.533e-05,30.16918128,-17.05150231,22.64,686252.62123073,2023-07-07 22:00:00+00:00,26000,30304.08
2023-07-07,23,BTC-230825-26000-C,BTCUSDT,C,230825-26000,5000.0,5000.0,5000.0,5000.0,0.02,0.02,4770.0,5270.0,5.63,3.61,,0.62000275,5007.0,0.53505659,0.81352035,4.54e-05,29.62092284,-16.39537883,22.64,686996.62636475,2023-07-07 23:00:00+00:00,26000,30344.7
2023-07-08,0,BTC-230825-26000-C,BTCUSDT,C,230825-26000,5000.0,5000.0,5000.0,5000.0,0.02,0.02,4920.0,5270.0,1.5,1.5,,0.63390255,5090.0,0.5775094,0.79723847,4.437e-05,31.09810272,-18.59476352,22.64,685618.90026373,2023-07-08 00:00:00+00:00,26000,30286.29
2023-07-08,1,BTC-230825-26000-C,BTCUSDT,C,230825-26000,5000.0,5000.0,5000.0,5000.0,0.02,0.02,4850.0,5195.0,1.5,1.5,,0.60759306,5017.0,0.55038333,0.80652779,4.525e-05,30.23011487,-17.24159926,22.64,686031.45828565,2023-07-08 01:00:00+00:00,26000,30304.58
2023-07-08,2,BTC-230825-26000-C,BTCUSDT,C,230825-26000,5000.0,5000.0,5000.0,5000.0,0.02,0.02,4915.0,5270.0,1.5,1.5,,0.61784744,5087.0,0.55911779,0.80619712,4.453e-05,30.30315984,-17.57272098,22.64,687376.77933198,2023-07-08 02:00:00+00:00,26000,30355.42
2023-07-08,3,BTC-230825-26000-C,BTCUSDT,C,230825-26000,5000.0,5000.0,5000.0,5000.0,0.02,0.02,4915.0,5270.0,1.5,1.5,,0.63764095,5088.0,0.58055162,0.79600695,4.437e-05,31.1577519,-18.77717557,22.64,685453.28244407,2023-07-08 03:00:00+00:00,26000,30274.83
2023-07-08,4,BTC-230825-26000-C,BTCUSDT,C,230825-26000,5000.0,5000.0,5000.0,5000.0,0.02,0.02,4855.0,5200.0,1.5,1.5,,0.62590122,5023.0,0.5700779,0.7975039,4.506e-05,30.9669975,-18.341399,22.64,684502.48703299,2023-07-08 04:00:00+00:00,26000,30235.89
2023-07-08,5,BTC-230825-26000-C,BTCUSDT,C,230825-26000,5000.0,5000.0,5000.0,5000.0,0.02,0.02,4795.0,5135.0,1.5,1.5,,0.60487032,4960.0,0.54861426,0.80465732,4.584e-05,30.29415311,-17.28228821,22.64,684651.26915164,2023-07-08 05:00:00+00:00,26000,30239.49
2023-07-08,6,BTC-230825-26000-C,BTCUSDT,C,230825-26000,5000.0,5000.0,5000.0,5000.0,0.02,0.02,4795.0,5135.0,1.5,1.5,,0.62037706,4960.0,0.56537628,0.79648295,4.57e-05,30.9736253,-18.22558427,22.64,683232.25366147,2023-07-08 06:00:00+00:00,26000,30176.71
2023-07-08,7,BTC-230825-26000-C,BTCUSDT,C,230825-26000,5000.0,5000.0,5000.0,5000.0,0.02,0.02,4645.0,5135.0,4.02,2.72,,0.61677217,4878.0,0.53451657,0.80743935,4.675e-05,29.95842105,-16.68048822,22.64,683610.39141989,2023-07-08 07:00:00+00:00,26000,30193.36
2023-07-08,8,BTC-230825-26000-C,BTCUSDT,C,230825-26000,5000.0,5000.0,5000.0,5000.0,0.02,0.02,4795.0,5140.0,1.5,1.5,,0.59827805,4961.0,0.5403161,0.80933877,4.586e-05,29.84530684,-16.81240248,22.64,685464.84625944,2023-07-08 08:00:00+00:00,26000,30276.01
2023-07-08,9,BTC-230825-26000-C,BTCUSDT,C,230825-26000,5000.0,5000.0,5000.0,5000.0,0.02,0.02,4645.0,5135.0,4.78,2.98,,0.60396671,4877.0,0.5195117,0.81546094,4.681e-05,29.21000455,-15.83433277,22.64,684828.4532748,2023-07-08 09:00:00+00:00,26000,30248.72
2023-07-08,10,BTC-230825-26000-C,BTCUSDT,C,230825-26000,5000.0,5000.0,5000.0,5000.0,0.02,0.02,4795.0,5135.0,1.5,1.5,,0.61062336,4960.0,0.55463552,0.80224928,4.58e-05,30.43558602,-17.62992495,22.64,684248.63043525,2023-07-08 10:00:00+00:00,26000,30222.8
2023-07-08,11,BTC-230825-26000-C,BTCUSDT,C,230825-26000,5000.0,5000.0,5000.0,5000.0,0.02,0.02,4795.0,5135.0,1.5,1.5,,0.61609507,4960.0,0.56052208,0.79945982,4.576e-05,30.65856171,-17.96320202,22.64,683773.73031209,2023-07-08 11:00:00+00:00,26000,30201.71
2023-07-08,12,BTC-230825-26000-C,BTCUSDT,C,230825-26000,5000.0,5000.0,5000.0,5000.0,0.02,0.02,4725.0,5060.0,1.5,1.5,,0.60012341,4887.0,0.54462433,0.80336369,4.66e-05,30.25442072,-17.23866391,22.64,683113.11999119,2023-07-08 12:00:00+00:00,26000,30171.85
2023-07-08,13,BTC-230825-26000-C,BTCUSDT,C,230825-26000,5000.0,5000.0,5000.0,5000.0,0.02,0.02,4785.0,5125.0,1.5,1.5,,0.61114788,4950.0,0.55514455,0.8017868,4.59e-05,30.42703822,-17.68733016,22.64,684043.42495819,2023-07-08 13:00:00+00:00,26000,30209.32
2023-07-08,14,BTC-230825-26000-C,BTCUSDT,C,230825-26000,5000.0,5000.0,5000.0,5000.0,0.02,0.02,4785.0,5125.0,1.5,1.5,,0.61263323,4950.0,0.55670977,0.80113101,4.589e-05,30.46941705,-17.77741617,22.64,683864.77794282,2023-07-08 14:00:00+00:00,26000,30204.99
2023-07-08,15,BTC-230825-26000-C,BTCUSDT,C,230825-26000,5000.0,5000.0,5000.0,5000.0,0.02,0.02,4785.0,5125.0,1.5,1.5,,0.6124258,4950.0,0.55643678,0.80138682,4.59e-05,30.43443549,-17.76381303,22.64,683919.81553401,2023-07-08 15:00:00+00:00,26000,30208.0
2023-07-08,16,BTC-230825-26000-C,BTCUSDT,C,230825-26000,5000.0,5000.0,5000.0,5000.0,0.0,0.0,4850.0,5195.0,1.5,1.5,,0.62298775,5017.0,0.56640625,0.80043561,4.517e-05,30.55659545,-18.17054324,22.64,684976.3696,2023-07-08 16:00:00+00:00,26000,30254.57
2023-07-08,17,BTC-230825-26000-C,BTCUSDT,C,230825-26000,5000.0,5000.0,5000.0,5000.0,0.0,0.0,4785.0,5125.0,1.5,1.5,,0.60126781,4949.0,0.54417849,0.80776199,4.598e-05,29.85758551,-17.0730491,22.64,685061.06061537,2023-07-08 17:00:00+00:00,26000,30254.69
2023-07-08,18,BTC-230825-26000-C,BTCUSDT,C,230825-26000,5000.0,5000.0,5000.0,5000.0,0.0,0.0,4785.0,5120.0,1.5,1.5,,0.61342716,4947.0,0.55829763,0.80069333,4.591e-05,30.45118236,-17.87991473,22.64,683735.65032972,2023-07-08 18:00:00+00:00,26000,30201.74
2023-07-08,19,BTC-230825-26000-C,BTCUSDT,C,230825-26000,5000.0,5000.0,5000.0,5000.0,0.0,0.0,4685.0,5015.0,1.5,1.5,,0.60262442,4845.0,0.5482626,0.79990324,4.702e-05,30.42054266,-17.55625435,22.64,681748.22654056,2023-07-08 19:00:00+00:00,26000,30112.0
2023-07-08,20,BTC-230825-26000-C,BTCUSDT,C,230825-26000,5000.0,5000.0,5000.0,5000.0,0.0,0.0,4685.0,5015.0,1.5,1.5,,0.59143305,4845.0,0.53604007,0.806263,4.711e-05,29.8640411,-16.86565212,22.64,682866.9981364,2023-07-08 20:00:00+00:00,26000,30158.21
2023-07-08,21,BTC-230825-26000-C,BTCUSDT,C,230825-26000,5000.0,5000.0,5000.0,5000.0,0.0,0.0,4685.0,5030.0,1.5,1.5,,0.59058189,4851.0,0.5322051,0.80877468,4.706e-05,29.63671936,-16.63213654,22.64,683251.45039119,2023-07-08 21:00:00+00:00,26000,30180.8
2023-07-08,22,BTC-230825-26000-C,BTCUSDT,C,230825-26000,5000.0,5000.0,5000.0,5000.0,0.0,0.0,4745.0,5080.0,1.5,1.5,,0.59592247,4907.0,0.53937912,0.80839147,4.644e-05,29.70243837,-16.90857114,22.64,684288.56353423,2023-07-08 22:00:00+00:00,26000,30224.5
2023-07-08,23,BTC-230825-26000-C,BTCUSDT,C,230825-26000,5000.0,5000.0,5000.0,5000.0,0.0,0.0,4805.0,5150.0,1.5,1.5,,0.60317516,4971.0,0.54483533,0.80941652,4.575e-05,29.65142649,-17.06528954,22.64,685711.14706802,2023-07-08 23:00:00+00:00,26000,30284.63
2023-07-09,0,BTC-230825-26000-C,BTCUSDT,C,230825-26000,5000.0,5000.0,5000.0,5000.0,0.0,0.0,4880.0,5230.0,1.5,1.5,,0.61580181,5049.0,0.55700541,0.80779912,4.493e-05,29.8435254,-17.57497892,22.64,686999.43024181,2023-07-09 00:00:00+00:00,26000,30336.01
2023-07-09,1,BTC-230825-26000-C,BTCUSDT,C,230825-26000,5000.0,5000.0,5000.0,5000.0,0.0,0.0,4880.0,5225.0,1.5,1.5,,0.61585426,5047.0,0.55795431,0.80732335,4.495e-05,29.8701287,-17.63615133,22.64,686720.22928362,2023-07-09 01:00:00+00:00,26000,30332.26
2023-07-09,2,BTC-230825-26000-C,BTCUSDT,C,230825-26000,5000.0,5000.0,5000.0,5000.0,0.0,0.0,4880.0,5225.0,1.5,1.5,,0.62378407,5047.0,0.56654453,0.80325466,4.49e-05,30.20838141,-18.12644922,22.64,686031.9235252,2023-07-09 02:00:00+00:00,26000,30301.04
2023-07-09,3,BTC-230825-26000-C,BTCUSDT,C,230825-26000,5000.0,5000.0,5000.0,5000.0,0.0,0.0,4880.0,5225.0,1.5,1.5,,0.62712193,5047.0,0.57011843,0.80164965,4.488e-05,30.33133616,-18.33121847,22.64,685697.92132746,2023-07-09 03:00:00+00:00,26000,30287.99
2023-07-09,4,BTC-230825-26000-C,BTCUSDT,C,230825-26000,5000.0,5000.0,5000.0,5000.0,0.0,0.0,4805.0,5150.0,1.5,1.5,,0.60647488,4972.0,0.54819822,0.8083324,4.574e-05,29.68155307,-17.26405375,22.64,685544.76794734,2023-07-09 04:00:00+00:00,26000,30275.35
2023-07-09,5,BTC-230825-26000-C,BTCUSDT,C,230825-26000,5000.0,5000.0,5000.0,5000.0,0.0,0.0,4800.0,5140.0,1.5,1.5,,0.60800314,4964.0,0.55081248,0.80673158,4.581e-05,29.80228661,-17.43235481,22.64,685113.30925718,2023-07-09 05:00:00+00:00,26000,30260.67
2023-07-09,6,BTC-230825-26000-C,BTCUSDT,C,230825-26000,5000.0,5000.0,5000.0,5000.0,0.0,0.0,4825.0,5350.0,1.5,1.5,,0.67480803,5077.0,0.58948517,0.79448462,4.444e-05,30.90702404,-19.36498968,22.64,685016.81061107,2023-07-09 06:00:00+00:00,26000,30254.79
2023-07-09,7,BTC-230825-26000-C,BTCUSDT,C,230825-26000,5000.0,5000.0,5000.0,5000.0,0.0,0.0,4425.0,5500.0,2.03,3.11,,0.71810246,4891.0,0.52491188,0.81611026,4.665e-05,28.88136927,-16.12784056,22.64,685206.10837808,2023-07-09 07:00:00+00:00,26000,30265.0
2023-07-09,8,BTC-230825-26000-C,BTCUSDT,C,230825-26000,5000.0,5000.0,5000.0,5000.0,0.0,0.0,4780.0,5140.0,1.5,1.5,,0.59752226,4953.0,0.53542256,0.81427291,4.598e-05,29.08519205,-16.58157684,22.64,686075.98693627,2023-07-09 08:00:00+00:00,26000,30305.51
2023-07-09,9,BTC-230825-26000-C,BTCUSDT,C,230825-26000,5000.0,5000.0,5000.0,5000.0,0.0,0.0,4825.0,5325.0,1.5,1.5,,0.66321611,5065.0,0.58103204,0.79815075,4.464e-05,30.55693711,-18.92137306,22.64,685443.67066331,2023-07-09 09:00:00+00:00,26000,30276.0
2023-07-09,10,BTC-230825-26000-C,BTCUSDT,C,230825-26000,5000.0,5000.0,5000.0,5000.0,0.0,0.0,4840.0,5325.0,1.5,1.5,,0.66650629,5074.0,0.58731198,0.79578214,4.451e-05,30.74413198,-19.26015217,22.64,685411.45566599,2023-07-09 10:00:00+00:00,26000,30262.89
2023-07-09,11,BTC-230825-26000-C,BTCUSDT,C,230825-26000,5000.0,5000.0,5000.0,5000.0,0.0,0.0,4855.0,5325.0,1.5,1.5,,0.66589355,5082.0,0.58921814,0.79546367,4.442e-05,30.76285706,-19.35163231,22.64,685229.76095819,2023-07-09 11:00:00+00:00,26000,30266.69
2023-07-09,12,BTC-230825-26000-C,BTCUSDT,C,230825-26000,5000.0,5000.0,5000.0,5000.0,0.0,0.0,4890.0,5330.0,1.5,1.5,,0.65254927,5102.0,0.57965398,0.80122091,4.431e-05,30.29065771,-18.76199028,22.64,686639.25520881,2023-07-09 12:00:00+00:00,26000,30329.99
2023-07-09,13,BTC-230825-26000-C,BTCUSDT,C,230825-26000,5000.0,5000.0,5000.0,5000.0,0.0,0.0,4815.0,5160.0,1.5,1.5,,0.61565399,4982.0,0.55768967,0.80527689,4.561e-05,29.83611413,-17.79603041,22.64,685174.30788565,2023-07-09 13:00:00+00:00,26000,30265.14
2023-07-09,14,BTC-230825-26000-C,BTCUSDT,C,230825-26000,5000.0,5000.0,5000.0,5000.0,0.0,0.0,4840.0,5210.0,1.5,1.5,,0.61260223,5018.0,0.5492425,0.81163849,4.528e-05,29.29588709,-17.22448761,22.64,686995.41972746,2023-07-09 14:00:00+00:00,26000,30341.02
2023-07-09,15,BTC-230825-26000-C,BTCUSDT,C,230825-26000,5000.0,5000.0,5000.0,5000.0,0.0,0.0,4850.0,5200.0,1.5,1.5,,0.60729027,5019.0,0.54712296,0.81285761,4.528e-05,29.17446838,-17.1021615,22.64,687056.74178463,2023-07-09 15:00:00+00:00,26000,30349.47
2023-07-09,16,BTC-230825-26000-C,BTCUSDT,C,230825-26000,5000.0,5000.0,5000.0,5000.0,0.0,0.0,4850.0,5200.0,1.5,1.5,,0.62327862,5019.0,0.56461096,0.8043552,4.52e-05,29.90521007,-18.10702962,22.64,685644.79196475,2023-07-09 16:00:00+00:00,26000,30287.99
2023-07-09,17,BTC-230825-26000-C,BTCUSDT,C,230825-26000,5000.0,5000.0,5000.0,5000.0,0.0,0.0,4850.0,5200.0,1.5,1.5,,0.62305927,5019.0,0.56432009,0.80461947,4.52e-05,29.86928384,-18.0921236,22.64,685724.22602192,2023-07-09 17:00:00+00:00,26000,30288.29
2023-07-09,18,BTC-230825-26000-C,BTCUSDT,C,230825-26000,5000.0,5000.0,5000.0,5000.0,0.0,0.0,4850.0,5320.0,1.5,1.5,,0.66822767,5077.0,0.59139132,0.79503334,4.446e-05,30.69767074,-19.50331064,22.64,685070.61170983,2023-07-09 18:00:00+00:00,26000,30258.01
2023-07-09,19,BTC-230825-26000-C,BTCUSDT,C,230825-26000,5000.0,5000.0,5000.0,5000.0,0.0,0.0,4805.0,5320.0,1.5,1.5,,0.67249298,5052.0,0.58806419,0.79535403,4.471e-05,30.63852586,-19.37356508,22.64,684693.26305888,2023-07-09 19:00:00+00:00,26000,30242.42
2023-07-09,20,BTC-230825-26000-C,BTCUSDT,C,230825-26000,5000.0,5000.0,5000.0,5000.0,0.0,0.0,4770.0,5170.0,1.5,1.5,,0.63787222,4963.0,0.57170987,0.79821852,4.57e-05,30.31971429,-18.65550741,22.64,683507.49971775,2023-07-09 20:00:00+00:00,26000,30193.99
2023-07-09,21,BTC-230825-26000-C,BTCUSDT,C,230825-26000,5000.0,5000.0,5000.0,5000.0,0.0,0.0,4715.0,5170.0,1.5,1.5,,0.64843893,4934.0,0.57351708,0.79579552,4.597e-05,30.480049,-18.83033156,22.64,682598.30395303,2023-07-09 21:00:00+00:00,26000,30153.9
2023-07-09,22,BTC-230825-26000-C,BTCUSDT,C,230825-26000,5000.0,5000.0,5000.0,5000.0,0.0,0.0,4750.0,5170.0,1.5,1.5,,0.64362526,4953.0,0.57436228,0.79658416,4.578e-05,30.41747693,-18.83627707,22.64,683087.01632,2023-07-09 22:00:00+00:00,26000,30174.0
2023-07-09,23,BTC-230825-26000-C,BTCUSDT,C,230825-26000,5000.0,5000.0,5000.0,5000.0,0.0,0.0,4730.0,5170.0,1.5,1.5,,0.64670563,4942.0,0.57414293,0.79620261,4.589e-05,30.42617642,-18.85140626,22.64,682935.54727665,2023-07-09 23:00:00+00:00,26000,30160.71
2023-07-10,0,BTC-230825-26000-C,BTCUSDT,C,230825-26000,5000.0,5000.0,5000.0,5000.0,0.0,0.0,4660.0,5185.0,1.5,1.5,,0.6686306,4913.0,0.58318019,0.79027183,4.608e-05,30.86023561,-19.4387833,22.64,681516.75919056,2023-07-10 00:00:00+00:00,26000,30090.27
2023-07-10,1,BTC-230825-26000-C,BTCUSDT,C,230825-26000,5000.0,5000.0,5000.0,5000.0,0.0,0.0,4650.0,4975.0,1.5,1.5,,0.61366081,4808.0,0.56000233,0.79552145,4.736e-05,30.34538331,-18.37133082,22.64,680270.29667775,2023-07-10 01:00:00+00:00,26000,30048.8
2023-07-10,2,BTC-230825-26000-C,BTCUSDT,C,230825-26000,5000.0,5000.0,5000.0,5000.0,0.0,0.0,4715.0,5050.0,1.5,1.5,,0.59956551,4877.0,0.5422163,0.80865814,4.677e-05,29.28714904,-17.18301061,22.64,683991.59885168,2023-07-10 02:00:00+00:00,26000,30200.0
2023-07-10,3,BTC-230825-26000-C,BTCUSDT,C,230825-26000,5000.0,5000.0,5000.0,5000.0,0.0,0.0,4760.0,5095.0,1.5,1.5,,0.62544823,4923.0,0.569942,0.79761097,4.613e-05,30.24130126,-18.66691335,22.64,682855.47038112,2023-07-10 03:00:00+00:00,26000,30156.17
2023-07-10,4,BTC-230825-26000-C,BTCUSDT,C,230825-26000,5000.0,5000.0,5000.0,5000.0,0.0,0.0,4705.0,5035.0,1.5,1.5,,0.61580658,4865.0,0.56083083,0.79886397,4.678e-05,30.07880378,-18.28630034,22.64,682061.59212225,2023-07-10 04:00:00+00:00,26000,30118.07
2023-07-10,5,BTC-230825-26000-C,BTCUSDT,C,230825-26000,5000.0,5000.0,5000.0,5000.0,0.0,0.0,4660.0,5110.0,1.5,1.5,,0.64879417,4877.0,0.57491422,0.79279775,4.653e-05,30.56385663,-19.06501768,22.64,681170.01027775,2023-07-10 05:00:00+00:00,26000,30082.25
2023-07-10,6,BTC-230825-26000-C,BTCUSDT,C,230825-26000,5000.0,5000.0,5000.0,5000.0,0.0,0.0,4680.0,5110.0,1.5,1.5,,0.64726353,4888.0,0.57669759,0.79268883,4.641e-05,30.56726099,-19.14359593,22.64,681008.55777888,2023-07-10 06:00:00+00:00,26000,30089.64
2023-07-10,7,BTC-230825-26000-C,BTCUSDT,C,230825-26000,5000.0,5000.0,5000.0,5000.0,0.0,0.0,4430.0,4970.0,4.72,3.02,,0.59854746,4681.0,0.50148606,0.81946254,4.904e-05,28.1008496,-15.31732199,22.64,681694.46188225,2023-07-10 07:00:00+00:00,26000,30112.1
2023-07-10,8,BTC-230825-26000-C,BTCUSDT,C,230825-26000,5000.0,5000.0,5000.0,5000.0,0.0,0.0,4680.0,5300.0,1.5,4.34,,0.70392847,4978.0,0.60394287,0.78534566,4.525e-05,31.1786522,-20.48607795,22.64,681290.05265062,2023-07-10 08:00:00+00:00,26000,30099.21
2023-07-10,9,BTC-230825-26000-C,BTCUSDT,C,230825-26000,5000.0,5000.0,5000.0,5000.0,0.0,0.0,4765.0,5165.0,1.5,1.5,,0.65156937,4959.0,0.58598518,0.79275553,4.564e-05,30.57756204,-19.511427,22.64,682868.58062418,2023-07-10 09:00:00+00:00,26000,30140.0
2023-07-10,10,BTC-230825-26000-C,BTCUSDT,C,230825-26000,5000.0,5000.0,5000.0,5000.0,0.0,0.0,4780.0,5160.0,1.5,1.5,,0.64134598,4964.0,0.57835579,0.79681013,4.567e-05,30.2437913,-19.0644876,22.64,683292.39644836,2023-07-10 10:00:00+00:00,26000,30183.45
2023-07-10,11,BTC-230825-26000-C,BTCUSDT,C,230825-26000,5000.0,5000.0,5000.0,5000.0,0.0,0.0,4825.0,5165.0,1.5,1.5,,0.62925816,4990.0,0.57223082,0.8013518,4.547e-05,29.87840624,-18.65163943,22.64,684785.83285266,2023-07-10 11:00:00+00:00,26000,30240.0
2023-07-10,12,BTC-230825-26000-C,BTCUSDT,C,230825-26000,5000.0,5000.0,5000.0,5000.0,0.0,0.0,4770.0,5155.0,1.5,1.5,,0.64597845,4957.0,0.58245301,0.79467839,4.57e-05,30.38154576,-19.32209468,22.64,682806.13154282,2023-07-10 12:00:00+00:00,26000,30161.47
2023-07-10,13,BTC-230825-26000-C,BTCUSDT,C,230825-26000,5000.0,5000.0,5000.0,5000.0,0.0,0.0,4815.0,5485.0,1.5,2.53,,0.73419094,5136.0,0.62641382,0.78488481,4.361e-05,31.26917268,-21.40703499,22.64,684225.40577582,2023-07-10 13:00:00+00:00,26000,30209.7
2023-07-10,14,BTC-230825-26000-C,BTCUSDT,C,230825-26000,5000.0,5000.0,5000.0,5000.0,0.0,0.0,4890.0,5350.0,1.5,1.5,,0.67145824,5112.0,0.59509516,0.79775161,4.416e-05,30.23056762,-19.67919035,22.64,686174.75207028,2023-07-10 14:00:00+00:00,26000,30310.03
2023-07-10,15,BTC-230825-26000-C,BTCUSDT,C,230825-26000,5000.0,5000.0,5000.0,5000.0,0.0,0.0,4880.0,5350.0,1.5,1.5,,0.67082167,5106.0,0.59251666,0.79876704,4.423e-05,30.12968405,-19.54635247,22.64,686406.94890554,2023-07-10 15:00:00+00:00,26000,30312.81
2023-07-10,16,BTC-230825-26000-C,BTCUSDT,C,230825-26000,5000.0,5000.0,5000.0,5000.0,0.0,0.0,4910.0,5370.0,1.5,1.5,,0.66784859,5131.0,0.59073567,0.80110408,4.402e-05,29.94372116,-19.38500801,22.64,687157.27582418,2023-07-10 16:00:00+00:00,26000,30351.18
2023-07-10,17,BTC-230825-26000-C,BTCUSDT,C,230825-26000,5000.0,5000.0,5000.0,5000.0,0.0,0.0,4860.0,5370.0,1.5,1.5,,0.6863308,5105.0,0.60221434,0.7945058,4.416e-05,30.44492967,-20.11082464,22.64,685460.92153416,2023-07-10 17:00:00+00:00,26000,30278.2
2023-07-10,18,BTC-230825-26000-C,BTCUSDT,C,230825-26000,5000.0,5000.0,5000.0,5000.0,0.0,0.0,5080.0,5575.0,1.5,1.5,,0.69169044,5318.0,0.60851097,0.8032562,4.225e-05,29.88490461,-19.96554917,22.64,691128.04647528,2023-07-10 18:00:00+00:00,26000,30529.0
2023-07-10,19,BTC-230825-26000-C,BTCUSDT,C,230825-26000,5000.0,5000.0,5000.0,5000.0,0.0,0.0,5340.0,5730.0,1.5,1.5,,0.66319466,5527.0,0.59460759,0.82032191,4.05e-05,28.53039472,-18.6421813,22.64,698027.69568,2023-07-10 19:00:00+00:00,26000,30837.4
2023-07-10,20,BTC-230825-26000-C,BTCUSDT,C,230825-26000,5000.0,5000.0,5000.0,5000.0,0.0,0.0,5315.0,5700.0,1.5,1.5,,0.66574097,5500.0,0.59862375,0.81729426,4.073e-05,28.7743255,-18.94591053,22.64,696968.26620225,2023-07-10 20:00:00+00:00,26000,30779.01
2023-07-10,21,BTC-230825-26000-C,BTCUSDT,C,230825-26000,5000.0,5000.0,5000.0,5000.0,0.0,0.0,4875.0,0.0,1.5,0.0,,-1e-08,5143.0,0.60780916,0.79453026,4.378e-05,30.41694121,-20.35342111,22.64,685844.7014964,2023-07-10 21:00:00+00:00,26000,30302.21
2023-07-10,22,BTC-230825-26000-C,BTCUSDT,C,230825-26000,5000.0,5000.0,5000.0,5000.0,0.0,0.0,4855.0,5355.0,1.5,3.24,,0.66640615,5094.0,0.58145165,0.80416719,4.443e-05,29.57679974,-18.9503854,22.64,686687.93495528,2023-07-10 22:00:00+00:00,26000,30347.37
2023-07-10,23,BTC-230825-26000-C,BTCUSDT,C,230825-26000,5000.0,5000.0,5000.0,5000.0,0.0,0.0,4915.0,5420.0,1.5,5.53,,0.67103624,5156.0,0.58484674,0.80609893,4.383e-05,29.44913326,-18.99620409,22.64,688595.13388225,2023-07-10 23:00:00+00:00,26000,30411.57
2023-07-11,0,BTC-230825-26000-C,BTCUSDT,C,230825-26000,5000.0,5000.0,5000.0,5000.0,0.0,0.0,4880.0,5385.0,1.5,3.92,,0.65827608,5120.0,0.57064652,0.81100158,4.423e-05,28.98456067,-18.2593574,22.64,688691.75341168,2023-07-11 00:00:00+00:00,26000,30419.99
2023-07-11,1,BTC-230825-26000-C,BTCUSDT,C,230825-26000,5000.0,5000.0,5000.0,5000.0,0.0,0.0,5110.0,5610.0,1.5,1.5,,0.68877459,5349.0,0.60333371,0.80810748,4.202e-05,29.40243506,-19.60163065,22.64,692666.03494584,2023-07-11 01:00:00+00:00,26000,30586.26
2023-07-11,2,BTC-230825-26000-C,BTCUSDT,C,230825-26000,5000.0,5000.0,5000.0,5000.0,0.0,0.0,5015.0,5610.0,1.5,1.5,,0.71485519,5299.0,0.61509848,0.80033622,4.239e-05,30.00246443,-20.41046868,22.64,689937.99751528,2023-07-11 02:00:00+00:00,26000,30483.69
2023-07-11,3,BTC-230825-26000-C,BTCUSDT,C,230825-26000,5000.0,5000.0,5000.0,5000.0,0.0,0.0,5005.0,5610.0,1.5,1.5,,0.71640015,5294.0,0.61490536,0.80025835,4.244e-05,29.99071393,-20.4148848,22.64,690185.96144944,2023-07-11 03:00:00+00:00,26000,30476.0
2023-07-11,4,BTC-230825-26000-C,BTCUSDT,C,230825-26000,5000.0,5000.0,5000.0,5000.0,0.0,0.0,4955.0,5610.0,1.5,1.5,,0.72497606,5266.0,0.61530232,0.79876513,4.267e-05,30.07734148,-20.50598712,22.64,689240.26201416,2023-07-11 04:00:00+00:00,26000,30441.19
2023-07-11,5,BTC-230825-26000-C,BTCUSDT,C,230825-26000,5000.0,5000.0,5000.0,5000.0,0.0,0.0,4980.0,5610.0,1.5,1.5,,0.7215929,5280.0,0.61599255,0.7993116,4.255e-05,30.0297558,-20.51545396,22.64,689382.70224,2023-07-11 05:00:00+00:00,26000,30456.0
2023-07-11,6,BTC-230825-26000-C,BTCUSDT,C,230825-26000,5000.0,5000.0,5000.0,5000.0,0.0,0.0,5135.0,5505.0,1.5,1.5,,0.64232349,5313.0,0.57681561,0.8190525,4.24e-05,28.33658973,-18.1442919,22.64,693596.04086584,2023-07-11 06:00:00+00:00,26000,30634.59
2023-07-11,7,BTC-230825-26000-C,BTCUSDT,C,230825-26000,5000.0,5000.0,5000.0,5000.0,0.0,0.0,4645.0,5385.0,5.19,5.46,,0.63067436,4955.0,0.47588348,0.8521681,4.525e-05,24.75638095,-13.09016643,22.64,691433.71843775,2023-07-11 07:00:00+00:00,26000,30535.38
2023-07-11,8,BTC-230825-26000-C,BTCUSDT,C,230825-26000,5000.0,5000.0,5000.0,5000.0,0.0,0.0,5000.0,5510.0,1.5,3.16,,0.68172455,5244.0,0.59413433,0.80761826,4.3e-05,29.26649615,-19.3381564,22.64,690523.1669364,2023-07-11 08:00:00+00:00,26000,30495.91
2023-07-11,9,BTC-230825-26000-C,BTCUSDT,C,230825-26000,5000.0,5000.0,5000.0,5000.0,0.0,0.0,4940.0,5440.0,1.5,4.84,,0.67141771,5179.0,0.58514476,0.80843528,4.364e-05,29.13198337,-18.97560999,22.64,689130.28713853,2023-07-11 09:00:00+00:00,26000,30449.83
2023-07-11,10,BTC-230825-26000-C,BTCUSDT,C,230825-26000,5000.0,5000.0,5000.0,5000.0,0.0,0.0,4875.0,5375.0,1.5,4.44,,0.66436291,5113.0,0.57788134,0.80844233,4.428e-05,29.06660492,-18.71536953,22.64,688156.39395164,2023-07-11 10:00:00+00:00,26000,30394.94
2023-07-11,11,BTC-230825-26000-C,BTCUSDT,C,230825-26000,5000.0,5000.0,5000.0,5000.0,0.0,0.0,4875.0,5375.0,1.5,3.33,,0.66176891,5113.0,0.57482719,0.81000743,4.43e-05,28.91816292,-18.5385972,22.64,688412.62401763,2023-07-11 11:00:00+00:00,26000,30404.31
2023-07-11,12,BTC-230825-26000-C,BTCUSDT,C,230825-26000,5000.0,5000.0,5000.0,5000.0,0.0,0.0,4935.0,5435.0,1.5,2.43,,0.67470551,5174.0,0.58870316,0.80690072,4.367e-05,29.21859747,-19.20120121,22.64,689022.79440881,2023-07-11 12:00:00+00:00,26000,30433.05
2023-07-11,13,BTC-230825-26000-C,BTCUSDT,C,230825-26000,5000.0,5000.0,5000.0,5000.0,0.0,0.0,4965.0,5470.0,1.5,3.1,,0.68169117,5206.0,0.59514523,0.80580548,4.334e-05,29.32327498,-19.49899226,22.64,689037.36113401,2023-07-11 13:00:00+00:00,26000,30450.0
2023-07-11,14,BTC-230825-26000-C,BTCUSDT,C,230825-26000,5000.0,5000.0,5000.0,5000.0,0.0,0.0,5040.0,5410.0,1.5,1.5,,0.64362288,5218.0,0.5787158,0.81420461,4.329e-05,28.59306475,-18.50578277,22.64,690942.8672564,2023-07-11 14:00:00+00:00,26000,30527.43
2023-07-11,15,BTC-230825-26000-C,BTCUSDT,C,230825-26000,5000.0,5000.0,5000.0,5000.0,0.0,0.0,5100.0,5460.0,1.5,1.5,,0.64160347,5273.0,0.57783127,0.81765228,4.277e-05,28.31458806,-18.31460831,22.64,692768.59414584,2023-07-11 15:00:00+00:00,26000,30596.45
2023-07-11,16,BTC-230825-26000-C,BTCUSDT,C,230825-26000,5000.0,5000.0,5000.0,5000.0,0.0,0.0,5110.0,5485.0,1.5,1.5,,0.63690901,5289.0,0.56934714,0.82264511,4.261e-05,27.85748164,-17.77095067,22.64,693721.21343056,2023-07-11 16:00:00+00:00,26000,30649.3
2023-07-11,17,BTC-230825-26000-C,BTCUSDT,C,230825-26000,5000.0,5000.0,5000.0,5000.0,0.0,0.0,5065.0,5585.0,1.5,2.69,,0.68875313,5313.0,0.59845686,0.81043485,4.237e-05,28.95650866,-19.4346356,22.64,692115.52070584,2023-07-11 17:00:00+00:00,26000,30575.6
2023-07-11,18,BTC-230825-26000-C,BTCUSDT,C,230825-26000,5000.0,5000.0,5000.0,5000.0,0.0,0.0,4970.0,5480.0,1.5,5.56,,0.67919016,5213.0,0.59079051,0.80881378,4.33e-05,29.00479839,-19.23564661,22.64,690173.85837168,2023-07-11 18:00:00+00:00,26000,30480.0
2023-07-11,19,BTC-230825-26000-C,BTCUSDT,C,230825-26000,5000.0,5000.0,5000.0,5000.0,0.0,0.0,5080.0,5595.0,1.5,5.75,,0.69070101,5326.0,0.60133934,0.81005277,4.225e-05,28.97244677,-19.57558145,22.64,692290.21360944,2023-07-11 19:00:00+00:00,26000,30581.99
2023-07-11,20,BTC-230825-26000-C,BTCUSDT,C,230825-26000,5000.0,5000.0,5000.0,5000.0,0.0,0.0,5040.0,5565.0,1.5,5.27,,0.68383217,5289.0,0.59183359,0.81262771,4.261e-05,28.70706885,-19.10755752,22.64,692043.83181168,2023-07-11 20:00:00+00:00,26000,30571.52
2023-07-11,21,BTC-230825-26000-C,BTCUSDT,C,230825-26000,5000.0,5000.0,5000.0,5000.0,0.0,0.0,5040.0,5560.0,1.5,5.43,,0.68333149,5287.0,0.59221983,0.81246061,4.263e-05,28.70648546,-19.13757467,22.64,692092.04702112,2023-07-11 21:00:00+00:00,26000,30570.18
2023-07-11,22,BTC-230825-26000-C,BTCUSDT,C,230825-26000,5000.0,5000.0,5000.0,5000.0,0.0,0.0,5055.0,5575.0,1.5,2.28,,0.68488598,5302.0,0.59370518,0.81269239,4.249e-05,28.68441898,-19.18882661,22.64,692210.69393888,2023-07-11 22:00:00+00:00,26000,30584.57
2023-07-11,23,BTC-230825-26000-C,BTCUSDT,C,230825-26000,5000.0,5000.0,5000.0,5000.0,0.0,0.0,5120.0,5645.0,1.5,5.89,,0.69806576,5370.0,0.60679436,0.81042282,4.185e-05,28.92090043,-19.7921443,22.64,693280.35403303,2023-07-11 23:00:00+00:00,26000,30622.1
2023-07-12,0,BTC-230825-26000-C,BTCUSDT,C,230825-26000,5000.0,5000.0,5000.0,5000.0,0.0,0.0,4995.0,5505.0,1.5,3.01,,0.68119526,5238.0,0.59221983,0.81024536,4.308e-05,28.81983047,-19.26736101,22.64,690707.69625416,2023-07-12 00:00:00+00:00,26000,30509.98
2023-07-12,1,BTC-230825-26000-C,BTCUSDT,C,230825-26000,5000.0,5000.0,5000.0,5000.0,0.0,0.0,5005.0,5515.0,1.5,4.57,,0.67814827,5248.0,0.58849335,0.81260262,4.3e-05,28.60939312,-19.02421821,22.64,691412.95622584,2023-07-12 01:00:00+00:00,26000,30535.92
2023-07-12,2,BTC-230825-26000-C,BTCUSDT,C,230825-26000,5000.0,5000.0,5000.0,5000.0,0.0,0.0,5110.0,5480.0,1.5,1.5,,0.64866066,5288.0,0.58283091,0.81747915,4.263e-05,28.19580217,-18.58629288,22.64,692939.3077364,2023-07-12 02:00:00+00:00,26000,30607.23
2023-07-12,3,BTC-230825-26000-C,BTCUSDT,C,230825-26000,5000.0,5000.0,5000.0,5000.0,0.0,0.0,5105.0,5475.0,1.5,1.5,,0.65182209,5283.0,0.58632374,0.81573184,4.268e-05,28.33465217,-18.80748093,22.64,692623.40249416,2023-07-12 03:00:00+00:00,26000,30588.32
2023-07-12,4,BTC-230825-26000-C,BTCUSDT,C,230825-26000,5000.0,5000.0,5000.0,5000.0,0.0,0.0,5130.0,5650.0,1.5,2.47,,0.69745541,5378.0,0.6065464,0.81156104,4.179e-05,28.76033455,-19.76710806,22.64,693497.71667775,2023-07-12 04:00:00+00:00,26000,30635.36
2023-07-12,5,BTC-230825-26000-C,BTCUSDT,C,230825-26000,5000.0,5000.0,5000.0,5000.0,0.0,0.0,5165.0,5540.0,1.5,1.5,,0.6571126,5345.0,0.59043765,0.81732067,4.21e-05,28.21433992,-18.89467396,22.64,694023.59060697,2023-07-12 05:00:00+00:00,26000,30654.0
2023-07-12,6,BTC-230825-26000-C,BTCUSDT,C,230825-26000,5000.0,5000.0,5000.0,5000.0,0.0,0.0,5185.0,5565.0,1.5,1.5,,0.64829826,5367.0,0.57927966,0.82371444,4.19e-05,27.63504923,-18.17417341,22.64,695465.83239571,2023-07-12 06:00:00+00:00,26000,30720.01
2023-07-12,7,BTC-230825-26000-C,BTCUSDT,C,230825-26000,5000.0,5000.0,5000.0,5000.0,0.0,0.0,5020.0,5565.0,2.28,3.56,,0.64186573,5270.0,0.53571939,0.83992272,4.256e-05,25.98071589,-15.81607961,22.64,696046.9812922,2023-07-12 07:00:00+00:00,26000,30740.0
2023-07-12,8,BTC-230825-26000-C,BTCUSDT,C,230825-26000,5000.0,5000.0,5000.0,5000.0,0.0,0.0,5265.0,5645.0,1.5,1.5,,0.67163944,5448.0,0.60431957,0.81664276,4.118e-05,28.31364214,-19.46216145,22.64,695848.05764697,2023-07-12 08:00:00+00:00,26000,30735.48
2023-07-12,9,BTC-230825-26000-C,BTCUSDT,C,230825-26000,5000.0,5000.0,5000.0,5000.0,0.0,0.0,5245.0,5625.0,1.5,1.5,,0.66802025,5428.0,0.60044527,0.81749223,4.136e-05,28.20891471,-19.28414227,22.64,695614.78307775,2023-07-12 09:00:00+00:00,26000,30724.01
2023-07-12,10,BTC-230825-26000-C,BTCUSDT,C,230825-26000,5000.0,5000.0,5000.0,5000.0,0.0,0.0,5150.0,5530.0,1.5,1.5,,0.64856052,5332.0,0.57968378,0.82225607,4.222e-05,27.69052509,-18.2925858,22.64,694562.74489416,2023-07-12 10:00:00+00:00,26000,30679.99
2023-07-12,11,BTC-230825-26000-C,BTCUSDT,C,230825-26000,5000.0,5000.0,5000.0,5000.0,0.0,0.0,5270.0,5655.0,1.5,1.5,,0.66508055,5455.0,0.595752,0.82122044,4.112e-05,27.86575955,-18.93659044,22.64,696476.9888564,2023-07-12 11:00:00+00:00,26000,30776.25
2023-07-12,12,BTC-230825-26000-C,BTCUSDT,C,230825-26000,5000.0,5000.0,5000.0,5000.0,0.0,0.0,5215.0,5585.0,1.5,1.5,,0.65699577,5393.0,0.5903554,0.82068,4.167e-05,27.85448087,-18.77530589,22.64,695389.08624944,2023-07-12 12:00:00+00:00,26000,30721.17
2023-07-12,13,BTC-230825-26000-C,BTCUSDT,C,230825-26000,5000.0,5000.0,5000.0,5000.0,0.0,0.0,5170.0,5580.0,1.5,1.5,,0.66981316,5367.0,0.59682369,0.81652888,4.191e-05,28.19427874,-19.23086753,22.64,694538.9595764,2023-07-12 13:00:00+00:00,26000,30666.33
2023-07-12,14,BTC-230825-26000-C,BTCUSDT,C,230825-26000,5000.0,5000.0,5000.0,5000.0,0.0,0.0,5215.0,5595.0,1.5,1.5,,0.65733433,5397.0,0.58851719,0.82200535,4.163e-05,27.71047789,-18.65558235,22.64,695962.90370832,2023-07-12 14:00:00+00:00,26000,30736.57
2023-07-12,15,BTC-230825-26000-C,BTCUSDT,C,230825-26000,5000.0,5000.0,5000.0,5000.0,0.0,0.0,4975.0,5335.0,1.5,1.5,,0.62609673,5147.0,0.56031704,0.82245783,4.397e-05,27.46547252,-17.62141394,22.64,690697.1326964,2023-07-12 15:00:00+00:00,26000,30524.63
2023-07-12,16,BTC-230825-26000-C,BTCUSDT,C,230825-26000,5000.0,5000.0,5000.0,5000.0,0.0,0.0,5000.0,5425.0,1.5,1.5,,0.66716671,5204.0,0.59247971,0.81038285,4.34e-05,28.56407925,-19.39671379,22.64,689680.19184,2023-07-12 16:00:00+00:00,26000,30487.03
2023-07-12,17,BTC-230825-26000-C,BTCUSDT,C,230825-26000,5000.0,5000.0,5000.0,5000.0,0.0,0.0,4960.0,5310.0,1.5,1.5,,0.6388092,5129.0,0.57654142,0.81391433,4.416e-05,28.18745613,-18.64386055,22.64,689382.50513888,2023-07-12 17:00:00+00:00,26000,30447.95
2023-07-12,18,BTC-230825-26000-C,BTCUSDT,C,230825-26000,5000.0,5000.0,5000.0,5000.0,0.0,0.0,5015.0,5375.0,1.5,1.5,,0.64157963,5188.0,0.57695627,0.81704488,4.359e-05,27.94450844,-18.51416857,22.64,690868.78118584,2023-07-12 18:00:00+00:00,26000,30521.67
2023-07-12,19,BTC-230825-26000-C,BTCUSDT,C,230825-26000,5000.0,5000.0,5000.0,5000.0,0.0,0.0,4765.0,5100.0,1.5,1.5,,0.61322451,4926.0,0.55315375,0.81432728,4.626e-05,27.96836222,-17.78252922,22.64,685780.36660697,2023-07-12 19:00:00+00:00,26000,30287.47
2023-07-12,20,BTC-230825-26000-C,BTCUSDT,C,230825-26000,5000.0,5000.0,5000.0,5000.0,0.0,0.0,4840.0,5180.0,1.5,1.5,,0.6226182,5004.0,0.56170344,0.81459203,4.544e-05,27.99166189,-18.08975113,22.64,686802.24831056,2023-07-12 20:00:00+00:00,26000,30348.0
2023-07-12,21,BTC-230825-26000-C,BTCUSDT,C,230825-26000,5000.0,5000.0,5000.0,5000.0,0.0,0.0,4845.0,5185.0,1.5,1.5,,0.6224823,5009.0,0.56144238,0.81512812,4.539e-05,27.9352423,-18.06221162,22.64,687612.32615528,2023-07-12 21:00:00+00:00,26000,30356.01
2023-07-12,22,BTC-230825-26000-C,BTCUSDT,C,230825-26000,5000.0,5000.0,5000.0,5000.0,0.0,0.0,4840.0,5260.0,1.5,1.5,,0.64488888,5041.0,0.56992769,0.81292778,4.505e-05,28.13792998,-18.48597259,22.64,687539.31615056,2023-07-12 22:00:00+00:00,26000,30368.68
2023-07-12,23,BTC-230825-26000-C,BTCUSDT,C,230825-26000,5000.0,5000.0,5000.0,5000.0,0.0,0.0,4855.0,5270.0,1.5,1.5,,0.64538002,5054.0,0.5712688,0.8131171,4.492e-05,28.11785154,-18.53405415,22.64,688112.28927056,2023-07-12 23:00:00+00:00,26000,30380.0
2023-07-13,0,BTC-230825-26000-C,BTCUSDT,C,230825-26000,5000.0,5000.0,5000.0,5000.0,0.0,0.0,4815.0,5155.0,1.5,1.5,,0.61395168,4978.0,0.55210829,0.81843729,4.571e-05,27.57999634,-17.58668776,22.64,687205.52530832,2023-07-13 00:00:00+00:00,26000,30353.51
2023-07-13,1,BTC-230825-26000-C,BTCUSDT,C,230825-26000,5000.0,5000.0,5000.0,5000.0,0.0,0.0,4865.0,5265.0,1.5,1.5,,0.64283371,5057.0,0.57126045,0.81355424,4.489e-05,28.05535232,-18.52821846,22.64,687939.61265888,2023-07-13 01:00:00+00:00,26000,30383.78
2023-07-13,2,BTC-230825-26000-C,BTCUSDT,C,230825-26000,5000.0,5000.0,5000.0,5000.0,0.0,0.0,4785.0,5125.0,1.5,1.5,,0.60887814,4948.0,0.54665208,0.81974068,4.603e-05,27.41414878,-17.34155919,22.64,686490.41294112,2023-07-13 02:00:00+00:00,26000,30337.55
2023-07-13,3,BTC-230825-26000-C,BTCUSDT,C,230825-26000,5000.0,5000.0,5000.0,5000.0,0.0,0.0,4685.0,30425.0,1.5,1.5,,9.9999994,5783.0,0.82867203,0.75155232,3.668e-05,33.00143914,-31.67648126,22.64,685978.8208564,2023-07-13 03:00:00+00:00,26000,30298.01
2023-07-13,4,BTC-230825-26000-C,BTCUSDT,C,230825-26000,5000.0,5000.0,5000.0,5000.0,0.0,0.0,4765.0,5175.0,1.5,1.5,,0.63702583,4961.0,0.56361914,0.81233044,4.588e-05,28.04671448,-18.32772262,22.64,685846.74176,2023-07-13 04:00:00+00:00,26000,30297.33
2023-07-13,5,BTC-230825-26000-C,BTCUSDT,C,230825-26000,5000.0,5000.0,5000.0,5000.0,0.0,0.0,4715.0,30445.0,1.5,1.5,,9.9999994,5806.0,0.83101807,0.75217014,3.654e-05,32.95106134,-31.77901732,22.64,686496.09158584,2023-07-13 05:00:00+00:00,26000,30323.0
2023-07-13,6,BTC-230825-26000-C,BTCUSDT,C,230825-26000,5000.0,5000.0,5000.0,5000.0,0.0,0.0,4845.0,5185.0,1.5,1.5,,0.61774015,5008.0,0.55562615,0.81915614,4.539e-05,27.45927546,-17.72362537,22.64,687872.86461168,2023-07-13 06:00:00+00:00,26000,30383.98
2023-07-13,7,BTC-230825-26000-C,BTCUSDT,C,230825-26000,5000.0,5000.0,5000.0,5000.0,0.0,0.0,4645.0,5185.0,4.13,5.59,,0.62329769,4894.0,0.51912308,0.83150553,4.65e-05,26.22387242,-15.8295508,22.64,687473.82528944,2023-07-13 07:00:00+00:00,26000,30366.02
2023-07-13,8,BTC-230825-26000-C,BTCUSDT,C,230825-26000,5000.0,5000.0,5000.0,5000.0,0.0,0.0,4870.0,5215.0,1.5,1.5,,0.62114716,5035.0,0.55797338,0.81977307,4.511e-05,27.39850058,-17.79355576,22.64,688522.7870964,2023-07-13 08:00:00+00:00,26000,30411.99
2023-07-13,9,BTC-230825-26000-C,BTCUSDT,C,230825-26000,5000.0,5000.0,5000.0,5000.0,0.0,0.0,5030.0,5385.0,1.5,1.5,,0.63459873,5200.0,0.569067,0.82339744,4.345e-05,27.18298802,-18.02206288,22.64,692150.18387775,2023-07-13 09:00:00+00:00,26000,30576.68
2023-07-13,10,BTC-230825-26000-C,BTCUSDT,C,230825-26000,5000.0,5000.0,5000.0,5000.0,0.0,0.0,5045.0,5410.0,1.5,1.5,,0.64231396,5220.0,0.57533979,0.82159695,4.327e-05,27.34812934,-18.34922782,22.64,692459.22254112,2023-07-13 10:00:00+00:00,26000,30578.84
2023-07-13,11,BTC-230825-26000-C,BTCUSDT,C,230825-26000,5000.0,5000.0,5000.0,5000.0,0.0,0.0,4990.0,5350.0,1.5,1.5,,0.63195705,5162.0,0.56534529,0.82344348,4.382e-05,27.12386865,-17.90001615,22.64,691494.43092697,2023-07-13 11:00:00+00:00,26000,30543.99
2023-07-13,12,BTC-230825-26000-C,BTCUSDT,C,230825-26000,5000.0,5000.0,5000.0,5000.0,0.0,0.0,4990.0,5340.0,1.5,1.5,,0.63526869,5158.0,0.57110429,0.82058809,4.388e-05,27.36538837,-18.26113311,22.64,691014.44161888,2023-07-13 12:00:00+00:00,26000,30520.02
2023-07-13,13,BTC-230825-26000-C,BTCUSDT,C,230825-26000,5000.0,5000.0,5000.0,5000.0,0.0,0.0,5110.0,5480.0,1.5,1.5,,0.6440711,5287.0,0.57528853,0.8255066,4.262e-05,27.00226035,-18.16852231,22.64,694148.16920472,2023-07-13 13:00:00+00:00,26000,30663.43
2023-07-13,14,BTC-230825-26000-C,BTCUSDT,C,230825-26000,5000.0,5000.0,5000.0,5000.0,0.0,0.0,5020.0,5380.0,1.5,1.5,,0.63545704,5192.0,0.56872129,0.8238133,4.353e-05,27.07320207,-18.02587592,22.64,691974.88368944,2023-07-13 14:00:00+00:00,26000,30571.99
2023-07-13,15,BTC-230825-26000-C,BTCUSDT,C,230825-26000,5000.0,5000.0,5000.0,5000.0,0.0,0.0,5340.0,5825.0,1.5,1.5,,0.6955409,5569.0,0.60562491,0.82609201,4.012e-05,27.13322299,-19.25689615,22.64,700054.23137888,2023-07-13 15:00:00+00:00,26000,30917.48
2023-07-13,16,BTC-230825-26000-C,BTCUSDT,C,230825-26000,5000.0,5000.0,5000.0,5000.0,0.0,0.0,5255.0,5780.0,1.5,1.5,,0.70112705,5503.0,0.60432434,0.82352636,4.07e-05,27.30597063,-19.35678384,22.64,697373.29846584,2023-07-13 16:00:00+00:00,26000,30826.46
2023-07-13,17,BTC-230825-26000-C,BTCUSDT,C,230825-26000,5000.0,5000.0,5000.0,5000.0,0.0,0.0,5480.0,5890.0,1.5,1.5,,0.67224979,5674.0,0.59351206,0.83671425,3.914e-05,26.17055549,-18.23781139,22.64,704222.85467303,2023-07-13 17:00:00+00:00,26000,31070.08
2023-07-13,18,BTC-230825-26000-C,BTCUSDT,C,230825-26000,5000.0,5000.0,5000.0,5000.0,0.0,0.0,5685.0,6115.0,1.5,1.5,,0.69725513,5888.0,0.61493397,0.83730901,3.747e-05,26.2553336,-18.97585747,22.64,707388.61866373,2023-07-13 18:00:00+00:00,26000,31255.0
2023-07-13,19,BTC-230825-26000-C,BTCUSDT,C,230825-26000,5000.0,5000.0,5000.0,5000.0,0.0,0.0,6015.0,6480.0,1.5,1.5,,0.72553158,6233.0,0.63492537,0.84396385,3.494e-05,25.81996606,-19.28676109,22.64,716064.94835164,2023-07-13 19:00:00+00:00,26000,31606.01
2023-07-13,20,BTC-230825-26000-C,BTCUSDT,C,230825-26000,5000.0,5000.0,5000.0,5000.0,0.0,0.0,5780.0,6150.0,1.5,4.36,,0.6820488,5956.0,0.6098628,0.84270684,3.688e-05,25.73723412,-18.48421295,22.64,709149.86885266,2023-07-13 20:00:00+00:00,26000,31372.91
2023-07-13,21,BTC-230825-26000-C,BTCUSDT,C,230825-26000,5000.0,5000.0,5000.0,5000.0,0.0,0.0,5670.0,6165.0,1.5,1.5,,0.71918011,5903.0,0.62538385,0.8339271,3.741e-05,26.55813047,-19.57841429,22.64,707788.14500226,2023-07-13 21:00:00+00:00,26000,31254.01
2023-07-13,22,BTC-230825-26000-C,BTCUSDT,C,230825-26000,5000.0,5000.0,5000.0,5000.0,0.0,0.0,5715.0,6375.0,1.5,1.5,,0.77457905,6022.0,0.65184593,0.82846795,3.66e-05,27.15380204,-20.88506261,22.64,709029.1578461,2023-07-13 22:00:00+00:00,26000,31309.17
2023-07-13,23,BTC-230825-26000-C,BTCUSDT,C,230825-26000,5000.0,5000.0,5000.0,5000.0,0.0,0.0,5870.0,6405.0,1.5,1.5,,0.74644566,6121.0,0.64483404,0.83572114,3.583e-05,26.51580792,-20.19483179,22.64,712397.02204836,2023-07-13 23:00:00+00:00,26000,31454.23
2023-07-14,0,BTC-230825-26000-C,BTCUSDT,C,230825-26000,5000.0,5000.0,5000.0,5000.0,0.0,0.0,5840.0,6405.0,1.5,1.5,,0.74979782,6104.0,0.64207315,0.83623283,3.595e-05,26.44012809,-20.07072923,22.64,711999.9512791,2023-07-14 00:00:00+00:00,26000,31444.01
2023-07-14,1,BTC-230825-26000-C,BTCUSDT,C,230825-26000,5000.0,5000.0,5000.0,5000.0,0.0,0.0,5820.0,6385.0,1.5,1.5,,0.7502079,6084.0,0.64278841,0.83521935,3.61e-05,26.51202056,-20.16759157,22.64,711263.40241763,2023-07-14 01:00:00+00:00,26000,31418.88
2023-07-14,2,BTC-230825-26000-C,BTCUSDT,C,230825-26000,5000.0,5000.0,5000.0,5000.0,0.0,0.0,5875.0,6395.0,1.5,1.5,,0.7427454,6119.0,0.64355612,0.83654477,3.584e-05,26.39448469,-20.12200133,22.64,712581.9236748,2023-07-14 02:00:00+00:00,26000,31459.24
2023-07-14,3,BTC-230825-26000-C,BTCUSDT,C,230825-26000,5000.0,5000.0,5000.0,5000.0,0.0,0.0,5600.0,6770.0,3.2,4.64,,0.86771488,6092.0,0.63355207,0.83958527,3.598e-05,26.06050774,-19.57788641,22.64,712105.25713401,2023-07-14 03:00:00+00:00,26000,31460.0
2023-07-14,4,BTC-230825-26000-C,BTCUSDT,C,230825-26000,5000.0,5000.0,5000.0,5000.0,0.0,0.0,5780.0,6620.0,1.5,1.5,,0.8368969,6168.0,0.68292379,0.82335555,3.56e-05,27.65346243,-22.41567037,22.64,710686.39340655,2023-07-14 04:00:00+00:00,26000,31390.53
2023-07-14,5,BTC-230825-26000-C,BTCUSDT,C,230825-26000,5000.0,5000.0,5000.0,5000.0,0.0,0.0,5790.0,6225.0,1.5,1.5,,0.71268082,5996.0,0.62914848,0.83749977,3.669e-05,26.17238946,-19.56393814,22.64,709985.31719571,2023-07-14 05:00:00+00:00,26000,31360.48
2023-07-14,6,BTC-230825-26000-C,BTCUSDT,C,230825-26000,5000.0,5000.0,5000.0,5000.0,0.0,0.0,5715.0,6145.0,1.5,1.5,,0.70420265,5918.0,0.62142372,0.83744644,3.725e-05,26.10878792,-19.29587593,22.64,708496.18239119,2023-07-14 06:00:00+00:00,26000,31291.22
2023-07-14,7,BTC-230825-26000-C,BTCUSDT,C,230825-26000,5000.0,5000.0,5000.0,5000.0,0.0,0.0,5365.0,5935.0,2.45,5.36,,0.686059,5624.0,0.57037115,0.84669044,3.932e-05,24.95622268,-16.94560183,22.64,704328.77290554,2023-07-14 07:00:00+00:00,26000,31098.74
2023-07-14,8,BTC-230825-26000-C,BTCUSDT,C,230825-26000,5000.0,5000.0,5000.0,5000.0,0.0,0.0,5650.0,6075.0,1.5,1.5,,0.69460392,5851.0,0.61217785,0.83861309,3.773e-05,25.91920791,-18.90823503,22.64,707175.48172316,2023-07-14 08:00:00+00:00,26000,31243.71
2023-07-14,9,BTC-230825-26000-C,BTCUSDT,C,230825-26000,5000.0,5000.0,5000.0,5000.0,0.0,0.0,5620.0,6075.0,1.5,1.5,,0.70998192,5835.0,0.62338114,0.83326784,3.793e-05,26.41516332,-19.64219883,22.64,706408.06036045,2023-07-14 09:00:00+00:00,26000,31187.04
2023-07-14,10,BTC-230825-26000-C,BTCUSDT,C,230825-26000,5000.0,5000.0,5000.0,5000.0,0.0,0.0,5575.0,6070.0,1.5,1.5,,0.71272612,5808.0,0.61784625,0.83449251,3.812e-05,26.26422229,-19.37581705,22.64,705711.06183729,2023-07-14 10:00:00+00:00,26000,31175.0
2023-07-14,11,BTC-230825-26000-C,BTCUSDT,C,230825-26000,5000.0,5000.0,5000.0,5000.0,0.0,0.0,5400.0,6225.0,3.51,3.25,,0.75672388,5760.0,0.5883944,0.8452872,3.828e-05,25.14623481,-17.68434231,22.64,706663.35248362,2023-07-14 11:00:00+00:00,26000,31209.59
2023-07-14,12,BTC-230825-26000-C,BTCUSDT,C,230825-26000,5000.0,5000.0,5000.0,5000.0,0.0,0.0,5540.0,6075.0,1.5,1.5,,0.72720289,5791.0,0.62588573,0.83058596,3.83e-05,26.59849411,-19.91738364,22.64,705098.72696271,2023-07-14 12:00:00+00:00,26000,31126.75
2023-07-14,13,BTC-230825-26000-C,BTCUSDT,C,230825-26000,5000.0,5000.0,5000.0,5000.0,0.0,0.0,5665.0,6085.0,1.5,1.5,,0.69683075,5864.0,0.61523914,0.83853326,3.764e-05,25.87185716,-19.06272434,22.64,707737.75980655,2023-07-14 13:00:00+00:00,26000,31253.43
2023-07-14,14,BTC-230825-26000-C,BTCUSDT,C,230825-26000,5000.0,5000.0,5000.0,5000.0,0.0,0.0,5720.0,6210.0,1.5,1.5,,0.72576523,5951.0,0.63166857,0.83563162,3.704e-05,26.20521578,-19.84376407,22.64,708820.75789017,2023-07-14 14:00:00+00:00,26000,31300.56
2023-07-14,15,BTC-230825-26000-C,BTCUSDT,C,230825-26000,5000.0,5000.0,5000.0,5000.0,0.0,0.0,5640.0,6210.0,1.5,1.5,,0.7443428,5907.0,0.63592911,0.83202978,3.741e-05,26.50608198,-20.22718126,22.64,707198.82580226,2023-07-14 15:00:00+00:00,26000,31240.48
2023-07-14,16,BTC-230825-26000-C,BTCUSDT,C,230825-26000,5000.0,5000.0,5000.0,5000.0,0.0,0.0,5375.0,6280.0,3.64,2.86,,0.77625275,5763.0,0.59002876,0.84536,3.826e-05,25.07840328,-17.77414432,22.64,706686.81847028,2023-07-14 16:00:00+00:00,26000,31214.0
2023-07-14,17,BTC-230825-26000-C,BTCUSDT,C,230825-26000,5000.0,5000.0,5000.0,5000.0,0.0,0.0,5155.0,5705.0,1.5,1.5,,0.71908474,5415.0,0.61859608,0.816191,4.147e-05,27.55293936,-20.49395045,22.64,695653.60009672,2023-07-14 17:00:00+00:00,26000,30688.64
2023-07-14,18,BTC-230825-26000-C,BTCUSDT,C,230825-26000,5000.0,5000.0,5000.0,5000.0,0.0,0.0,4605.0,4925.0,1.5,1.5,,0.61597109,4759.0,0.55802584,0.8085883,4.81e-05,27.68547114,-18.59482399,22.64,681315.11836475,2023-07-14 18:00:00+00:00,26000,30091.83
2023-07-14,19,BTC-230825-26000-C,BTCUSDT,C,230825-26000,5000.0,5000.0,5000.0,5000.0,0.0,0.0,4415.0,4880.0,4.23,4.88,,0.59910297,4632.0,0.50892591,0.8266704,4.958e-05,26.01281059,-15.95010811,22.64,681433.63254508,2023-07-14 19:00:00+00:00,26000,30115.17
2023-07-14,20,BTC-230825-26000-C,BTCUSDT,C,230825-26000,5000.0,5000.0,5000.0,5000.0,0.0,0.0,4685.0,4960.0,1.5,1.5,,0.60505867,4818.0,0.55447817,0.81408585,4.746e-05,27.24289033,-18.21778941,22.64,683693.91560429,2023-07-14 20:00:00+00:00,26000,30189.18
2023-07-14,21,BTC-230825-26000-C,BTCUSDT,C,230825-26000,5000.0,5000.0,5000.0,5000.0,0.0,0.0,4705.0,5190.0,1.5,1.5,,0.67010403,4936.0,0.58264971,0.80731949,4.611e-05,27.88205539,-19.61223366,22.64,684572.50185492,2023-07-14 21:00:00+00:00,26000,30241.99
2023-07-14,22,BTC-230825-26000-C,BTCUSDT,C,230825-26000,5000.0,5000.0,5000.0,5000.0,0.0,0.0,4700.0,5190.0,1.5,1.5,,0.67274094,4934.0,0.58457136,0.80640129,4.613e-05,27.94088803,-19.73829413,22.64,684850.15284407,2023-07-14 22:00:00+00:00,26000,30227.6
2023-07-14,23,BTC-230825-26000-C,BTCUSDT,C,230825-26000,5000.0,5000.0,5000.0,5000.0,0.0,0.0,4745.0,5205.0,1.5,1.5,,0.65713406,4964.0,0.57246208,0.81402869,4.586e-05,27.31648083,-18.91650618,22.64,686262.4435078,2023-07-14 23:00:00+00:00,26000,30312.01
2023-07-15,0,BTC-230825-26000-C,BTCUSDT,C,230825-26000,5000.0,5000.0,5000.0,5000.0,0.0,0.0,4770.0,5105.0,1.5,1.5,,0.61872721,4931.0,0.55584311,0.82041451,4.621e-05,26.72719534,-17.98925128,22.64,686510.93865492,2023-07-15 00:00:00+00:00,26000,30328.76
2023-07-15,1,BTC-230825-26000-C,BTCUSDT,C,230825-26000,5000.0,5000.0,5000.0,5000.0,0.0,0.0,4785.0,5215.0,1.5,1.5,,0.65470219,4990.0,0.57551742,0.81432391,4.558e-05,27.28376887,-19.03306637,22.64,686888.97440881,2023-07-15 01:00:00+00:00,26000,30336.45
2023-07-15,2,BTC-230825-26000-C,BTCUSDT,C,230825-26000,5000.0,5000.0,5000.0,5000.0,0.0,0.0,4715.0,5205.0,1.5,1.5,,0.66419125,4947.0,0.57412386,0.81272725,4.603e-05,27.37266937,-19.06810697,22.64,685782.14212746,2023-07-15 02:00:00+00:00,26000,30288.7
2023-07-15,3,BTC-230825-26000-C,BTCUSDT,C,230825-26000,5000.0,5000.0,5000.0,5000.0,0.0,0.0,4725.0,5060.0,1.5,1.5,,0.61367273,4885.0,0.55049777,0.8209346,4.67e-05,26.60741533,-17.79026562,22.64,685825.61839119,2023-07-15 03:00:00+00:00,26000,30292.91
2023-07-15,4,BTC-230825-26000-C,BTCUSDT,C,230825-26000,5000.0,5000.0,5000.0,5000.0,0.0,0.0,4735.0,5070.0,1.5,1.5,,0.61654329,4896.0,0.5535233,0.82013965,4.659e-05,26.67110036,-17.94902296,22.64,686048.20690983,2023-07-15 04:00:00+00:00,26000,30295.99
2023-07-15,5,BTC-230825-26000-C,BTCUSDT,C,230825-26000,5000.0,5000.0,5000.0,5000.0,0.0,0.0,4725.0,5055.0,1.5,1.5,,0.61172247,4883.0,0.54926872,0.8216927,4.672e-05,26.51206658,-17.72281319,22.64,685883.42502847,2023-07-15 05:00:00+00:00,26000,30295.43
2023-07-15,6,BTC-230825-26000-C,BTCUSDT,C,230825-26000,5000.0,5000.0,5000.0,5000.0,0.0,0.0,4745.0,5080.0,1.5,1.5,,0.61641693,4905.0,0.5531311,0.82117529,4.648e-05,26.5607805,-17.89837832,22.64,686243.66723525,2023-07-15 06:00:00+00:00,26000,30311.49
2023-07-15,7,BTC-230825-26000-C,BTCUSDT,C,230825-26000,5000.0,5000.0,5000.0,5000.0,0.0,0.0,4635.0,5120.0,1.5,5.6,,0.62365055,4860.0,0.5279398,0.83152959,4.687e-05,25.58003956,-16.46916716,22.64,686815.50387684,2023-07-15 07:00:00+00:00,26000,30338.0
2023-07-15,8,BTC-230825-26000-C,BTCUSDT,C,230825-26000,5000.0,5000.0,5000.0,5000.0,0.0,0.0,4730.0,5880.0,1.5,1.5,,0.87622881,5265.0,0.67902684,0.78497548,4.237e-05,29.67634284,-24.5994234,22.64,686391.65322192,2023-07-15 08:00:00+00:00,26000,30316.19
2023-07-15,9,BTC-230825-26000-C,BTCUSDT,C,230825-26000,5000.0,5000.0,5000.0,5000.0,0.0,0.0,4760.0,5880.0,1.5,1.5,,0.86910009,5280.0,0.67606568,0.78716105,4.228e-05,29.5170814,-24.38551547,22.64,687128.32896701,2023-07-15 09:00:00+00:00,26000,30350.06
2023-07-15,10,BTC-230825-26000-C,BTCUSDT,C,230825-26000,5000.0,5000.0,5000.0,5000.0,0.0,0.0,4755.0,5885.0,1.5,1.5,,0.8768034,5282.0,0.68336248,0.78444009,4.22e-05,29.69683205,-24.82409195,22.64,686603.86714734,2023-07-15 10:00:00+00:00,26000,30325.43
2023-07-15,11,BTC-230825-26000-C,BTCUSDT,C,230825-26000,5000.0,5000.0,5000.0,5000.0,0.0,0.0,4755.0,5885.0,1.5,1.5,,0.88024139,5283.0,0.68746448,0.7830039,4.215e-05,29.7833346,-25.07140249,22.64,686274.18894056,2023-07-15 11:00:00+00:00,26000,30311.99
2023-07-15,12,BTC-230825-26000-C,BTCUSDT,C,230825-26000,5000.0,5000.0,5000.0,5000.0,0.0,0.0,4775.0,5885.0,1.5,1.5,,0.87206364,5292.0,0.68113089,0.78616664,4.215e-05,29.55183275,-24.6725152,22.64,687125.44724049,2023-07-15 12:00:00+00:00,26000,30351.1
2023-07-15,13,BTC-230825-26000-C,BTCUSDT,C,230825-26000,5000.0,5000.0,5000.0,5000.0,0.0,0.0,4760.0,5885.0,1.5,1.5,,0.8779645,5285.0,0.68521857,0.78428044,4.216e-05,29.66489768,-24.94101509,22.64,686583.90662847,2023-07-15 13:00:00+00:00,26000,30324.99
2023-07-15,14,BTC-230825-26000-C,BTCUSDT,C,230825-26000,5000.0,5000.0,5000.0,5000.0,0.0,0.0,4705.0,5885.0,1.5,1.5,,0.88812351,5254.0,0.68636656,0.78231601,4.24e-05,29.76431032,-25.09218598,22.64,685585.33086599,2023-07-15 14:00:00+00:00,26000,30284.48
2023-07-15,15,BTC-230825-26000-C,BTCUSDT,C,230825-26000,5000.0,5000.0,5000.0,5000.0,0.0,0.0,4745.0,5825.0,1.5,1.5,,0.86565018,5250.0,0.68028212,0.784645,4.25e-05,29.58274435,-24.74336827,22.64,686049.55535819,2023-07-15 15:00:00+00:00,26000,30303.41
2023-07-15,16,BTC-230825-26000-C,BTCUSDT,C,230825-26000,5000.0,5000.0,5000.0,5000.0,0.0,0.0,4705.0,5825.0,1.5,1.5,,0.87142706,5227.0,0.67901254,0.78405953,4.271e-05,29.59178257,-24.73007463,22.64,685537.97342774,2023-07-15 16:00:00+00:00,26000,30280.01
2023-07-15,17,BTC-230825-26000-C,BTCUSDT,C,230825-26000,5000.0,5000.0,5000.0,5000.0,0.0,0.0,4715.0,5825.0,1.5,1.5,,0.87107658,5233.0,0.68044186,0.78394556,4.265e-05,29.58899766,-24.80524036,22.64,685607.97086599,2023-07-15 17:00:00+00:00,26000,30283.13
2023-07-15,18,BTC-230825-26000-C,BTCUSDT,C,230825-26000,5000.0,5000.0,5000.0,5000.0,0.0,0.0,4750.0,5835.0,1.5,1.5,,0.86521149,5256.0,0.6778121,0.78638572,4.249e-05,29.41846644,-24.59221394,22.64,686530.61555164,2023-07-15 18:00:00+00:00,26000,30321.99
2023-07-15,19,BTC-230825-26000-C,BTCUSDT,C,230825-26000,5000.0,5000.0,5000.0,5000.0,0.0,0.0,4770.0,5835.0,1.5,1.5,,0.86454391,5268.0,0.68093538,0.78591235,4.237e-05,29.44586184,-24.7539796,22.64,686637.29970983,2023-07-15 19:00:00+00:00,26000,30326.47
2023-07-15,20,BTC-230825-26000-C,BTCUSDT,C,230825-26000,5000.0,5000.0,5000.0,5000.0,0.0,0.0,4745.0,5835.0,1.5,1.5,,0.87116718,5254.0,0.68380833,0.78418698,4.245e-05,29.54251878,-24.96570285,22.64,686047.83195951,2023-07-15 20:00:00+00:00,26000,30302.01
2023-07-15,21,BTC-230825-26000-C,BTCUSDT,C,230825-26000,5000.0,5000.0,5000.0,5000.0,0.0,0.0,4750.0,5835.0,1.5,1.5,,0.87131977,5257.0,0.68482399,0.78408201,4.242e-05,29.5368586,-25.02375806,22.64,686069.12029898,2023-07-15 21:00:00+00:00,26000,30302.98
2023-07-15,22,BTC-230825-26000-C,BTCUSDT,C,230825-26000,5000.0,5000.0,5000.0,5000.0,0.0,0.0,4755.0,5835.0,1.5,1.5,,0.87585926,5262.0,0.69126129,0.78190254,4.231e-05,29.67630748,-25.40442942,22.64,685671.65146373,2023-07-15 22:00:00+00:00,26000,30285.42
2023-07-15,23,BTC-230825-26000-C,BTCUSDT,C,230825-26000,5000.0,5000.0,5000.0,5000.0,0.0,0.0,4735.0,5835.0,1.5,1.5,,0.87542057,5249.0,0.68641901,0.78328965,4.247e-05,29.55566216,-25.14987092,22.64,685647.75258011,2023-07-15 23:00:00+00:00,26000,30289.52
2023-07-16,0,BTC-230825-26000-C,BTCUSDT,C,230825-26000,5000.0,5000.0,5000.0,5000.0,0.0,0.0,4735.0,5835.0,1.5,1.5,,0.87340832,5248.0,0.68369389,0.7844724,4.251e-05,29.45716312,-24.99235971,22.64,685992.94789446,2023-07-16 00:00:00+00:00,26000,30299.99
2023-07-16,1,BTC-230825-26000-C,BTCUSDT,C,230825-26000,5000.0,5000.0,5000.0,5000.0,0.0,0.0,4705.0,5835.0,1.5,1.5,,0.88183641,5233.0,0.68780065,0.78212475,4.259e-05,29.59354291,-25.28502636,22.64,685238.44128362,2023-07-16 01:00:00+00:00,26000,30265.0
2023-07-16,2,BTC-230825-26000-C,BTCUSDT,C,230825-26000,5000.0,5000.0,5000.0,5000.0,0.0,0.0,4720.0,5050.0,1.5,1.5,,0.6284976,4879.0,0.56656718,0.81586037,4.678e-05,26.72514491,-18.82891485,22.64,685076.4384,2023-07-16 02:00:00+00:00,26000,30252.0
2023-07-16,3,BTC-230825-26000-C,BTCUSDT,C,230825-26000,5000.0,5000.0,5000.0,5000.0,0.0,0.0,4610.0,4930.0,1.5,1.5,,0.60477734,4763.0,0.54350853,0.82080388,4.807e-05,26.20348358,-17.72839759,22.64,683493.13363525,2023-07-16 03:00:00+00:00,26000,30188.0
2023-07-16,4,BTC-230825-26000-C,BTCUSDT,C,230825-26000,5000.0,5000.0,5000.0,5000.0,0.0,0.0,4570.0,5040.0,1.5,4.85,,0.65099716,4793.0,0.56302786,0.81290038,4.774e-05,26.88105998,-18.85954053,22.64,682893.43486599,2023-07-16 04:00:00+00:00,26000,30152.25
2023-07-16,5,BTC-230825-26000-C,BTCUSDT,C,230825-26000,5000.0,5000.0,5000.0,5000.0,0.0,0.0,4690.0,5015.0,1.5,1.5,,0.62141657,4846.0,0.55991292,0.81768196,4.715e-05,26.50520256,-18.51218429,22.64,684585.82711209,2023-07-16 05:00:00+00:00,26000,30238.01
2023-07-16,6,BTC-230825-26000-C,BTCUSDT,C,230825-26000,5000.0,5000.0,5000.0,5000.0,0.0,0.0,4700.0,5030.0,1.5,1.5,,0.62142372,4858.0,0.55865526,0.81914715,4.701e-05,26.37532031,-18.39921817,22.64,685070.78586373,2023-07-16 06:00:00+00:00,26000,30258.77
2023-07-16,7,BTC-230825-26000-C,BTCUSDT,C,230825-26000,5000.0,5000.0,5000.0,5000.0,0.0,0.0,4550.0,5030.0,4.22,4.79,,0.61971188,4772.0,0.52324295,0.83235081,4.784e-05,25.12749003,-16.43471802,22.64,685205.08087028,2023-07-16 07:00:00+00:00,26000,30265.22
2023-07-16,8,BTC-230825-26000-C,BTCUSDT,C,230825-26000,5000.0,5000.0,5000.0,5000.0,0.0,0.0,4710.0,5805.0,1.5,1.5,,0.8683157,5219.0,0.67742705,0.78655135,4.285e-05,29.1673875,-24.72421895,22.64,685934.40269374,2023-07-16 08:00:00+00:00,26000,30298.49
2023-07-16,9,BTC-230825-26000-C,BTCUSDT,C,230825-26000,5000.0,5000.0,5000.0,5000.0,0.0,0.0,4700.0,5810.0,1.5,1.5,,0.86894512,5215.0,0.67465067,0.78757494,4.292e-05,29.07618547,-24.57151853,22.64,686067.14760515,2023-07-16 09:00:00+00:00,26000,30303.13
2023-07-16,10,BTC-230825-26000-C,BTCUSDT,C,230825-26000,5000.0,5000.0,5000.0,5000.0,0.0,0.0,4690.0,5815.0,1.5,1.5,,0.87403774,5212.0,0.67755222,0.78638985,4.291e-05,29.14297953,-24.75973021,22.64,685782.86859774,2023-07-16 10:00:00+00:00,26000,30290.0
2023-07-16,11,BTC-230825-26000-C,BTCUSDT,C,230825-26000,5000.0,5000.0,5000.0,5000.0,0.0,0.0,4750.0,5815.0,1.5,1.5,,0.87077141,5248.0,0.68591118,0.78512488,4.253e-05,29.24319876,-25.17769594,22.64,686127.53049105,2023-07-16 11:00:00+00:00,26000,30306.01
2023-07-16,12,BTC-230825-26000-C,BTCUSDT,C,230825-26000,5000.0,5000.0,5000.0,5000.0,0.0,0.0,4745.0,5815.0,1.5,1.5,,0.87417364,5246.0,0.68888664,0.78397036,4.252e-05,29.30682797,-25.36847302,22.64,685845.66598689,2023-07-16 12:00:00+00:00,26000,30293.97
2023-07-16,13,BTC-230825-26000-C,BTCUSDT,C,230825-26000,5000.0,5000.0,5000.0,5000.0,0.0,0.0,4765.0,5815.0,1.5,1.5,,0.87225199,5257.0,0.69043756,0.78411623,4.242e-05,29.28975893,-25.43741341,22.64,686024.73843525,2023-07-16 13:00:00+00:00,26000,30303.93
2023-07-16,14,BTC-230825-26000-C,BTCUSDT,C,230825-26000,5000.0,5000.0,5000.0,5000.0,0.0,0.0,4795.0,5835.0,1.5,1.5,,0.85583925,5277.0,0.67127585,0.79302785,4.245e-05,28.65212184,-24.21843268,22.64,688161.0339078,2023-07-16 14:00:00+00:00,26000,30401.99
2023-07-16,15,BTC-230825-26000-C,BTCUSDT,C,230825-26000,5000.0,5000.0,5000.0,5000.0,0.0,0.0,4780.0,5835.0,1.5,1.5,,0.8617115,5270.0,0.67526102,0.79115539,4.248e-05,28.76841817,-24.48678876,22.64,687791.79043525,2023-07-16 15:00:00+00:00,26000,30379.95
2023-07-16,16,BTC-230825-26000-C,BTCUSDT,C,230825-26000,5000.0,5000.0,5000.0,5000.0,0.0,0.0,4805.0,5835.0,1.5,1.5,,0.86564541,5286.0,0.68531513,0.78814998,4.225e-05,28.98164505,-25.06189793,22.64,687434.88203073,2023-07-16 16:00:00+00:00,26000,30364.17
2023-07-16,17,BTC-230825-26000-C,BTCUSDT,C,230825-26000,5000.0,5000.0,5000.0,5000.0,0.0,0.0,4830.0,5835.0,1.5,1.5,,0.86164474,5300.0,0.68539381,0.78900327,4.214e-05,28.91571896,-25.03408295,22.64,687856.21491864,2023-07-16 17:00:00+00:00,26000,30381.92
2023-07-16,18,BTC-230825-26000-C,BTCUSDT,C,230825-26000,5000.0,5000.0,5000.0,5000.0,0.0,0.0,4710.0,5835.0,1.5,1.5,,0.88772774,5235.0,0.6925106,0.78281641,4.259e-05,29.28633353,-25.64521469,22.64,685325.76948565,2023-07-16 18:00:00+00:00,26000,30276.87
2023-07-16,19,BTC-230825-26000-C,BTCUSDT,C,230825-26000,5000.0,5000.0,5000.0,5000.0,0.0,0.0,4710.0,5785.0,1.5,1.5,,0.87661743,5213.0,0.69019079,0.78269398,4.28e-05,29.26333069,-25.56617148,22.64,684944.63628136,2023-07-16 19:00:00+00:00,26000,30252.93
2023-07-16,20,BTC-230825-26000-C,BTCUSDT,C,230825-26000,5000.0,5000.0,5000.0,5000.0,0.0,0.0,4720.0,5790.0,1.5,1.5,,0.8751297,5221.0,0.68904877,0.78368944,4.275e-05,29.18474791,-25.48220739,22.64,685396.48092316,2023-07-16 20:00:00+00:00,26000,30271.64
2023-07-16,21,BTC-230825-26000-C,BTCUSDT,C,230825-26000,5000.0,5000.0,5000.0,5000.0,0.0,0.0,4750.0,5795.0,1.5,1.5,,0.8724618,5240.0,0.69060564,0.78425408,4.259e-05,29.14431755,-25.53136259,22.64,685848.16148859,2023-07-16 21:00:00+00:00,26000,30292.65
2023-07-16,22,BTC-230825-26000-C,BTCUSDT,C,230825-26000,5000.0,5000.0,5000.0,5000.0,0.0,0.0,4775.0,5800.0,1.5,1.5,,0.86704731,5255.0,0.68775296,0.7863544,4.25e-05,28.99371278,-25.32127744,22.64,686581.67994734,2023-07-16 22:00:00+00:00,26000,30321.03
2023-07-16,23,BTC-230825-26000-C,BTCUSDT,C,230825-26000,5000.0,5000.0,5000.0,5000.0,0.0,0.0,4650.0,5705.0,1.5,1.5,,0.85916519,5142.0,0.6738925,0.78588258,4.359e-05,28.92808172,-24.78103159,22.64,684381.09931435,2023-07-16 23:00:00+00:00,26000,30231.99
2023-07-17,0,BTC-230825-26000-C,BTCUSDT,C,230825-26000,5000.0,5000.0,5000.0,5000.0,0.0,0.0,4650.0,4970.0,1.5,1.5,,0.6186223,4804.0,0.55703998,0.81939625,4.762e-05,26.06594742,-18.47690832,22.64,683907.18440429,2023-07-17 00:00:00+00:00,26000,30213.99
2023-07-17,1,BTC-230825-26000-C,BTCUSDT,C,230825-26000,5000.0,5000.0,5000.0,5000.0,0.0,0.0,4730.0,5060.0,1.5,1.5,,0.62927246,4888.0,0.5657196,0.82014699,4.667e-05,26.05004032,-18.77326645,22.64,685796.64914282,2023-07-17 01:00:00+00:00,26000,30291.05
2023-07-17,2,BTC-230825-26000-C,BTCUSDT,C,230825-26000,5000.0,5000.0,5000.0,5000.0,0.0,0.0,4675.0,5000.0,1.5,1.5,,0.61604023,4830.0,0.55260658,0.82344861,4.73e-05,25.71007429,-18.11802606,22.64,685112.01305492,2023-07-17 02:00:00+00:00,26000,30262.0
2023-07-17,3,BTC-230825-26000-C,BTCUSDT,C,230825-26000,5000.0,5000.0,5000.0,5000.0,0.0,0.0,4540.0,5025.0,5.9,5.07,,0.61056614,4761.0,0.50774097,0.84274461,4.772e-05,23.88726708,-15.48324342,22.64,686246.59799571,2023-07-17 03:00:00+00:00,26000,30312.66
2023-07-17,4,BTC-230825-26000-C,BTCUSDT,C,230825-26000,5000.0,5000.0,5000.0,5000.0,0.0,0.0,4715.0,5040.0,1.5,1.5,,0.62124014,4871.0,0.55781484,0.82345099,4.685e-05,25.71158665,-18.32881822,22.64,685896.76770102,2023-07-17 04:00:00+00:00,26000,30296.44
2023-07-17,5,BTC-230825-26000-C,BTCUSDT,C,230825-26000,5000.0,5000.0,5000.0,5000.0,0.0,0.0,4700.0,5030.0,1.5,1.5,,0.62699318,4858.0,0.56322932,0.82023195,4.7e-05,25.96554942,-18.70945135,22.64,685192.29051435,2023-07-17 05:00:00+00:00,26000,30264.27
2023-07-17,6,BTC-230825-26000-C,BTCUSDT,C,230825-26000,5000.0,5000.0,5000.0,5000.0,0.0,0.0,4680.0,5005.0,1.5,1.5,,0.61552525,4835.0,0.55167198,0.82477919,4.723e-05,25.54325966,-18.04674045,22.64,685371.31818011,2023-07-17 06:00:00+00:00,26000,30275.11
2023-07-17,7,BTC-230825-26000-C,BTCUSDT,C,230825-26000,5000.0,5000.0,5000.0,5000.0,0.0,0.0,4480.0,4965.0,4.78,3.87,,0.59967041,4699.0,0.49447536,0.84694146,4.828e-05,23.38865951,-14.82706732,22.64,685330.18304181,2023-07-17 07:00:00+00:00,26000,30281.0
2023-07-17,8,BTC-230825-26000-C,BTCUSDT,C,230825-26000,5000.0,5000.0,5000.0,5000.0,0.0,0.0,4695.0,5170.0,1.5,4.74,,0.67852974,4921.0,0.58892131,0.81193566,4.631e-05,26.65987362,-20.15045518,22.64,685177.17396045,2023-07-17 08:00:00+00:00,26000,30261.9
2023-07-17,9,BTC-230825-26000-C,BTCUSDT,C,230825-26000,5000.0,5000.0,5000.0,5000.0,0.0,0.0,4595.0,4915.0,1.5,1.5,,0.61032772,4748.0,0.54777384,0.82212374,4.824e-05,25.66871168,-18.06506792,22.64,683352.9771078,2023-07-17 09:00:00+00:00,26000,30182.0
2023-07-17,10,BTC-230825-26000-C,BTCUSDT,C,230825-26000,5000.0,5000.0,5000.0,5000.0,0.0,0.0,4580.0,4900.0,1.5,1.5,,0.61041832,4733.0,0.54798007,0.8212893,4.842e-05,25.71548361,-18.12419822,22.64,682938.32675164,2023-07-17 10:00:00+00:00,26000,30163.93
2023-07-17,11,BTC-230825-26000-C,BTCUSDT,C,230825-26000,5000.0,5000.0,5000.0,5000.0,0.0,0.0,4605.0,4925.0,1.5,1.5,,0.62035084,4759.0,0.55869579,0.81757238,4.814e-05,26.03406501,-18.72762008,22.64,682948.1291252,2023-07-17 11:00:00+00:00,26000,30161.7
2023-07-17,12,BTC-230825-26000-C,BTCUSDT,C,230825-26000,5000.0,5000.0,5000.0,5000.0,0.0,0.0,4610.0,4935.0,1.5,1.5,,0.61173677,4765.0,0.54781556,0.82355138,4.803e-05,25.51717085,-18.01765727,22.64,683849.12648791,2023-07-17 12:00:00+00:00,26000,30206.0
2023-07-17,13,BTC-230825-26000-C,BTCUSDT,C,230825-26000,5000.0,5000.0,5000.0,5000.0,0.0,0.0,4720.0,5050.0,1.5,1.5,,0.63056469,4878.0,0.5663991,0.82100592,4.678e-05,25.80324135,-18.85797193,22.64,685718.46152972,2023-07-17 13:00:00+00:00,26000,30286.64
2023-07-17,14,BTC-230825-26000-C,BTCUSDT,C,230825-26000,5000.0,5000.0,5000.0,5000.0,0.0,0.0,4700.0,5030.0,1.5,1.5,,0.62659264,4858.0,0.56211472,0.82209413,4.7e-05,25.6818594,-18.64733706,22.64,685615.70080881,2023-07-17 14:00:00+00:00,26000,30274.8
2023-07-17,15,BTC-230825-26000-C,BTCUSDT,C,230825-26000,5000.0,5000.0,5000.0,5000.0,0.0,0.0,4595.0,4915.0,1.5,1.5,,0.61450481,4748.0,0.55201054,0.82089229,4.825e-05,25.6911512,-18.33851108,22.64,683209.21808362,2023-07-17 15:00:00+00:00,26000,30174.83
2023-07-17,16,BTC-230825-26000-C,BTCUSDT,C,230825-26000,5000.0,5000.0,5000.0,5000.0,0.0,0.0,4590.0,4900.0,1.5,1.5,,0.61792612,4739.0,0.55803061,0.81748812,4.837e-05,25.95685758,-18.75043659,22.64,682290.68342847,2023-07-17 16:00:00+00:00,26000,30144.01
2023-07-17,17,BTC-230825-26000-C,BTCUSDT,C,230825-26000,5000.0,5000.0,5000.0,5000.0,0.0,0.0,4505.0,4815.0,1.5,1.5,,0.62031746,4654.0,0.56149721,0.81084084,4.936e-05,26.42458845,-19.22763924,22.64,680270.18036045,2023-07-17 17:00:00+00:00,26000,30030.67
2023-07-17,18,BTC-230825-26000-C,BTCUSDT,C,230825-26000,5000.0,5000.0,5000.0,5000.0,0.0,0.0,4260.0,4550.0,1.5,1.5,,0.59029102,4400.0,0.53525448,0.80841734,5.261e-05,26.41573771,-18.34266508,22.64,674969.82254112,2023-07-17 18:00:00+00:00,26000,29802.39
2023-07-17,19,BTC-230825-26000-C,BTCUSDT,C,230825-26000,5000.0,5000.0,5000.0,5000.0,0.0,0.0,4325.0,5470.0,1.5,1.5,,0.87253094,4861.0,0.67378998,0.77270853,4.61e-05,29.2892777,-25.62963096,22.64,676442.0378164,2023-07-17 19:00:00+00:00,26000,29884.39
2023-07-17,20,BTC-230825-26000-C,BTCUSDT,C,230825-26000,5000.0,5000.0,5000.0,5000.0,0.0,0.0,4380.0,5470.0,1.5,1.5,,0.86614132,4892.0,0.67704916,0.77337431,4.579e-05,29.25374823,-25.75023147,22.64,677490.46159056,2023-07-17 20:00:00+00:00,26000,29926.19
2023-07-17,21,BTC-230825-26000-C,BTCUSDT,C,230825-26000,5000.0,5000.0,5000.0,5000.0,0.0,0.0,4650.0,5495.0,1.5,1.5,,0.79793215,5045.0,0.64381957,0.79627063,4.481e-05,27.77533111,-23.27413843,22.64,684673.1720564,2023-07-17 21:00:00+00:00,26000,30242.59
2023-07-17,22,BTC-230825-26000-C,BTCUSDT,C,230825-26000,5000.0,5000.0,5000.0,5000.0,0.0,0.0,4515.0,5495.0,1.5,1.5,,0.83332062,4973.0,0.65838814,0.78612778,4.533e-05,28.43280594,-24.3906404,22.64,681708.53863528,2023-07-17 22:00:00+00:00,26000,30106.74
2023-07-17,23,BTC-230825-26000-C,BTCUSDT,C,230825-26000,5000.0,5000.0,5000.0,5000.0,0.0,0.0,4605.0,5495.0,1.5,1.5,,0.82529545,5024.0,0.66730738,0.7855219,4.477e-05,28.49706827,-24.80386713,22.64,682327.6637539,2023-07-17 23:00:00+00:00,26000,30138.0
2023-07-18,0,BTC-230825-26000-C,BTCUSDT,C,230825-26000,5000.0,5000.0,5000.0,5000.0,0.0,0.0,4575.0,5495.0,1.5,1.5,,0.81830502,5004.0,0.65221786,0.79085972,4.511e-05,28.09284458,-23.9251137,22.64,683163.8112,2023-07-18 00:00:00+00:00,26000,30168.01
2023-07-18,1,BTC-230825-26000-C,BTCUSDT,C,230825-26000,5000.0,5000.0,5000.0,5000.0,0.0,0.0,4675.0,4995.0,1.5,1.5,,0.63510895,4829.0,0.57330728,0.81662094,4.734e-05,25.96741062,-19.4605241,22.64,684180.31983299,2023-07-18 01:00:00+00:00,26000,30215.84
2023-07-18,2,BTC-230825-26000-C,BTCUSDT,C,230825-26000,5000.0,5000.0,5000.0,5000.0,0.0,0.0,4410.0,4875.0,2.32,1.5,,0.61962366,4711.0,0.55844426,0.81714342,4.869e-05,25.82494912,-18.87257179,22.64,681913.67020655,2023-07-18 02:00:00+00:00,26000,30120.0
2023-07-18,3,BTC-230825-26000-C,BTCUSDT,C,230825-26000,5000.0,5000.0,5000.0,5000.0,0.0,0.0,4310.0,4850.0,5.58,1.5,,0.62390804,4689.0,0.56442738,0.81301387,4.895e-05,26.13241321,-19.32294097,22.64,681062.20717356,2023-07-18 03:00:00+00:00,26000,30073.96
2023-07-18,4,BTC-230825-26000-C,BTCUSDT,C,230825-26000,5000.0,5000.0,5000.0,5000.0,0.0,0.0,4320.0,4870.0,4.68,1.5,,0.61910391,4709.0,0.55883765,0.81711294,4.872e-05,25.797612,-18.90711153,22.64,681859.4685539,2023-07-18 04:00:00+00:00,26000,30118.19
2023-07-18,5,BTC-230825-26000-C,BTCUSDT,C,230825-26000,5000.0,5000.0,5000.0,5000.0,0.0,0.0,4340.0,4800.0,2.23,1.5,,0.61344624,4639.0,0.55327177,0.81583753,4.956e-05,25.83767978,-18.76838665,22.64,680518.77253627,2023-07-18 05:00:00+00:00,26000,30052.22
2023-07-18,6,BTC-230825-26000-C,BTCUSDT,C,230825-26000,5000.0,5000.0,5000.0,5000.0,0.0,0.0,4235.0,4685.0,4.03,1.5,,0.59084415,4529.0,0.53150654,0.82041153,5.093e-05,25.36490213,-17.71952757,22.64,678769.80019345,2023-07-18 06:00:00+00:00,26000,29988.62
2023-07-18,7,BTC-230825-26000-C,BTCUSDT,C,230825-26000,5000.0,5000.0,5000.0,5000.0,0.0,0.0,4290.0,4750.0,5.55,2.27,,0.62018156,4505.0,0.52857041,0.82066457,5.122e-05,25.31305286,-17.60490361,22.64,678485.06860655,2023-07-18 07:00:00+00:00,26000,29968.13
2023-07-18,8,BTC-230825-26000-C,BTCUSDT,C,230825-26000,5000.0,5000.0,5000.0,5000.0,0.0,0.0,4325.0,4785.0,5.26,1.5,,0.61771631,4624.0,0.55795074,0.81304602,4.974e-05,26.0111006,-19.11689345,22.64,679587.36542418,2023-07-18 08:00:00+00:00,26000,30021.99
2023-07-18,9,BTC-230825-26000-C,BTCUSDT,C,230825-26000,5000.0,5000.0,5000.0,5000.0,0.0,0.0,4285.0,4735.0,4.7,1.5,,0.61743021,4580.0,0.5601573,0.80935688,5.027e-05,26.25842378,-19.39627681,22.64,678333.50997808,2023-07-18 09:00:00+00:00,26000,29956.94
2023-07-18,10,BTC-230825-26000-C,BTCUSDT,C,230825-26000,5000.0,5000.0,5000.0,5000.0,0.0,0.0,4250.0,4705.0,4.95,1.5,,0.59710741,4546.0,0.53690314,0.81928711,5.071e-05,25.41558496,-18.01412974,22.64,679275.52057153,2023-07-18 10:00:00+00:00,26000,29990.65
2023-07-18,11,BTC-230825-26000-C,BTCUSDT,C,230825-26000,5000.0,5000.0,5000.0,5000.0,0.0,0.0,4315.0,4605.0,1.5,1.5,,0.59298515,4455.0,0.53658009,0.81385406,5.19e-05,25.77992638,-18.28148574,22.64,676807.58144181,2023-07-18 11:00:00+00:00,26000,29884.01
2023-07-18,12,BTC-230825-26000-C,BTCUSDT,C,230825-26000,5000.0,5000.0,5000.0,5000.0,0.0,0.0,4255.0,4540.0,1.5,1.5,,0.59957266,4393.0,0.54543853,0.80540171,5.269e-05,26.38611416,-19.04123333,22.64,674274.33213198,2023-07-18 12:00:00+00:00,26000,29784.0
2023-07-18,13,BTC-230825-26000-C,BTCUSDT,C,230825-26000,5000.0,5000.0,5000.0,5000.0,0.0,0.0,4260.0,4545.0,1.5,1.5,,0.58719158,4397.0,0.53175449,0.8130199,5.267e-05,25.77682378,-18.15488434,22.64,674415.47138463,2023-07-18 13:00:00+00:00,26000,29831.99
2023-07-18,14,BTC-230825-26000-C,BTCUSDT,C,230825-26000,5000.0,5000.0,5000.0,5000.0,0.0,0.0,4355.0,4685.0,1.5,1.5,,0.61105728,4513.0,0.54708004,0.81260041,5.113e-05,25.88057843,-18.77402458,22.64,677235.84067684,2023-07-18 14:00:00+00:00,26000,29924.78
2023-07-18,15,BTC-230825-26000-C,BTCUSDT,C,230825-26000,5000.0,5000.0,5000.0,5000.0,0.0,0.0,4335.0,4630.0,1.5,1.5,,0.59484482,4477.0,0.53704023,0.81564345,5.161e-05,25.59451634,-18.24594798,22.64,677309.02758689,2023-07-18 15:00:00+00:00,26000,29912.0
2023-07-18,16,BTC-230825-26000-C,BTCUSDT,C,230825-26000,5000.0,5000.0,5000.0,5000.0,0.0,0.0,4175.0,4450.0,1.5,1.5,,0.59080124,4308.0,0.53854108,0.80402812,5.385e-05,26.37070661,-18.87269689,22.64,672775.91990328,2023-07-18 16:00:00+00:00,26000,29701.2
2023-07-18,17,BTC-230825-26000-C,BTCUSDT,C,230825-26000,5000.0,5000.0,5000.0,5000.0,0.0,0.0,4245.0,4530.0,1.5,1.5,,0.58528662,4382.0,0.52955866,0.81382999,5.288e-05,25.64400585,-18.06652038,22.64,674703.20588136,2023-07-18 17:00:00+00:00,26000,29821.77
2023-07-18,18,BTC-230825-26000-C,BTCUSDT,C,230825-26000,5000.0,5000.0,5000.0,5000.0,0.0,0.0,4320.0,4610.0,1.5,1.5,,0.59075594,4459.0,0.53359628,0.81680787,5.184e-05,25.44469526,-18.08282861,22.64,676940.44589898,2023-07-18 18:00:00+00:00,26000,29904.98
2023-07-18,19,BTC-230825-26000-C,BTCUSDT,C,230825-26000,5000.0,5000.0,5000.0,5000.0,0.0,0.0,4160.0,4435.0,1.5,1.5,,0.58341742,4293.0,0.53045869,0.80776984,5.41e-05,26.02843547,-18.40934065,22.64,672883.28077356,2023-07-18 19:00:00+00:00,26000,29715.99
2023-07-18,20,BTC-230825-26000-C,BTCUSDT,C,230825-26000,5000.0,5000.0,5000.0,5000.0,0.0,0.0,4200.0,4480.0,1.5,1.5,,0.58088303,4335.0,0.52610397,0.81304992,5.353e-05,25.62937025,-17.99827723,22.64,674093.80674282,2023-07-18 20:00:00+00:00,26000,29778.0
2023-07-18,21,BTC-230825-26000-C,BTCUSDT,C,230825-26000,5000.0,5000.0,5000.0,5000.0,0.0,0.0,4250.0,4530.0,1.5,1.5,,0.5930233,4385.0,0.53885937,0.80974009,5.283e-05,25.91329086,-18.65961942,22.64,674635.25105062,2023-07-18 21:00:00+00:00,26000,29800.86
2023-07-18,22,BTC-230825-26000-C,BTCUSDT,C,230825-26000,5000.0,5000.0,5000.0,5000.0,0.0,0.0,4250.0,4530.0,1.5,1.5,,0.58762789,4385.0,0.53287387,0.81303253,5.284e-05,25.63852054,-18.27704803,22.64,674967.71820655,2023-07-18 22:00:00+00:00,26000,29819.68
2023-07-18,23,BTC-230825-26000-C,BTCUSDT,C,230825-26000,5000.0,5000.0,5000.0,5000.0,0.0,0.0,4250.0,4530.0,1.5,1.5,,0.57619572,4384.0,0.5201602,0.81994291,5.284e-05,25.06302695,-17.45997994,22.64,676136.94732316,2023-07-18 23:00:00+00:00,26000,29859.13
2023-07-19,0,BTC-230825-26000-C,BTCUSDT,C,230825-26000,5000.0,5000.0,5000.0,5000.0,0.0,0.0,4460.0,4765.0,1.5,1.5,,0.60473919,4606.0,0.54369688,0.82161914,4.995e-05,25.06825304,-18.2742258,22.64,680385.33834734,2023-07-19 00:00:00+00:00,26000,30055.32
2023-07-19,1,BTC-230825-26000-C,BTCUSDT,C,230825-26000,5000.0,5000.0,5000.0,5000.0,0.0,0.0,4395.0,4840.0,1.5,2.51,,0.64771414,4606.0,0.56075454,0.81315313,4.997e-05,25.74551095,-19.37839946,22.64,679347.63270328,2023-07-19 01:00:00+00:00,26000,30006.01
2023-07-19,2,BTC-230825-26000-C,BTCUSDT,C,230825-26000,5000.0,5000.0,5000.0,5000.0,0.0,0.0,4405.0,4855.0,1.5,3.5,,0.64874649,4618.0,0.56048632,0.81418393,4.982e-05,25.65732781,-19.32440316,22.64,679473.38173198,2023-07-19 02:00:00+00:00,26000,30024.0
2023-07-19,3,BTC-230825-26000-C,BTCUSDT,C,230825-26000,5000.0,5000.0,5000.0,5000.0,0.0,0.0,4480.0,4785.0,1.5,1.5,,0.61254025,4626.0,0.55194139,0.81913222,4.971e-05,25.24679321,-18.74629496,22.64,680582.06004407,2023-07-19 03:00:00+00:00,26000,30059.11
2023-07-19,4,BTC-230825-26000-C,BTCUSDT,C,230825-26000,5000.0,5000.0,5000.0,5000.0,0.0,0.0,4505.0,4965.0,1.5,5.14,,0.66729069,4723.0,0.57775736,0.81239713,4.855e-05,25.84673004,-20.11196474,22.64,681489.73496271,2023-07-19 04:00:00+00:00,26000,30099.08
2023-07-19,5,BTC-230825-26000-C,BTCUSDT,C,230825-26000,5000.0,5000.0,5000.0,5000.0,0.0,0.0,4500.0,4955.0,1.5,5.12,,0.66349506,4716.0,0.57451129,0.81367177,4.864e-05,25.72525261,-19.92733947,22.64,681611.2644922,2023-07-19 05:00:00+00:00,26000,30098.39
2023-07-19,6,BTC-230825-26000-C,BTCUSDT,C,230825-26000,5000.0,5000.0,5000.0,5000.0,0.0,0.0,4425.0,4875.0,1.5,2.95,,0.65135479,4638.0,0.56274295,0.81490467,4.958e-05,25.5562638,-19.41273712,22.64,680205.74094938,2023-07-19 06:00:00+00:00,26000,30044.59
2023-07-19,7,BTC-230825-26000-C,BTCUSDT,C,230825-26000,5000.0,5000.0,5000.0,5000.0,0.0,0.0,4270.0,4720.0,2.78,5.36,,0.60735226,4478.0,0.5129838,0.83100628,5.145e-05,24.08001628,-16.69277617,22.64,679333.39687028,2023-07-19 07:00:00+00:00,26000,30000.68
2023-07-19,8,BTC-230825-26000-C,BTCUSDT,C,230825-26000,5000.0,5000.0,5000.0,5000.0,0.0,0.0,4310.0,4750.0,1.5,2.42,,0.64078569,4519.0,0.5545795,0.81192726,5.106e-05,25.67888353,-19.26626088,22.64,677562.1701539,2023-07-19 08:00:00+00:00,26000,29923.28
2023-07-19,9,BTC-230825-26000-C,BTCUSDT,C,230825-26000,5000.0,5000.0,5000.0,5000.0,0.0,0.0,4240.0,4695.0,5.73,2.72,,0.59606791,4448.0,0.49783826,0.83772418,5.168e-05,23.43684879,-15.80283025,22.64,679428.85556927,2023-07-19 09:00:00+00:00,26000,30006.3
2023-07-19,10,BTC-230825-26000-C,BTCUSDT,C,230825-26000,5000.0,5000.0,5000.0,5000.0,0.0,0.0,4365.0,4810.0,1.5,3.44,,0.64539671,4576.0,0.55759072,0.81428011,5.035e-05,25.5041008,-19.28250243,22.64,678847.55490983,2023-07-19 10:00:00+00:00,26000,29988.0
2023-07-19,11,BTC-230825-26000-C,BTCUSDT,C,230825-26000,5000.0,5000.0,5000.0,5000.0,0.0,0.0,4395.0,4845.0,1.5,3.05,,0.65107822,4608.0,0.56238174,0.81404231,4.994e-05,25.53184848,-19.49136784,22.64,679589.83840881,2023-07-19 11:00:00+00:00,26000,30012.63
2023-07-19,12,BTC-230825-26000-C,BTCUSDT,C,230825-26000,5000.0,5000.0,5000.0,5000.0,0.0,0.0,4355.0,4645.0,1.5,1.5,,0.59637547,4494.0,0.53819656,0.81942609,5.138e-05,25.00108408,-18.28606112,22.64,678141.99796927,2023-07-19 12:00:00+00:00,26000,29950.01
2023-07-19,13,BTC-230825-26000-C,BTCUSDT,C,230825-26000,5000.0,5000.0,5000.0,5000.0,0.0,0.0,4385.0,4675.0,1.5,1.5,,0.59464931,4524.0,0.53584814,0.8226586,5.097e-05,24.74101244,-18.03730794,22.64,679169.99826802,2023-07-19 13:00:00+00:00,26000,29994.3
2023-07-19,14,BTC-230825-26000-C,BTCUSDT,C,230825-26000,5000.0,5000.0,5000.0,5000.0,0.0,0.0,4225.0,4505.0,1.5,1.5,,0.5824852,4359.0,0.52641869,0.81734748,5.319e-05,25.04586501,-17.9586023,22.64,675312.17958689,2023-07-19 14:00:00+00:00,26000,29824.01
2023-07-19,15,BTC-230825-26000-C,BTCUSDT,C,230825-26000,5000.0,5000.0,5000.0,5000.0,0.0,0.0,4335.0,4775.0,1.5,2.18,,0.64368963,4543.0,0.55677414,0.81348348,5.075e-05,25.4722531,-19.33948271,22.64,677991.13595593,2023-07-19 15:00:00+00:00,26000,29956.46
2023-07-19,16,BTC-230825-26000-C,BTCUSDT,C,230825-26000,5000.0,5000.0,5000.0,5000.0,0.0,0.0,4135.0,4580.0,4.59,3.23,,0.58729649,4339.0,0.4913497,0.83559945,5.321e-05,23.45848142,-15.73558238,22.64,676811.15159571,2023-07-19 16:00:00+00:00,26000,29903.9
2023-07-19,17,BTC-230825-26000-C,BTCUSDT,C,230825-26000,5000.0,5000.0,5000.0,5000.0,0.0,0.0,4350.0,4795.0,1.5,4.32,,0.64103842,4560.0,0.55196643,0.81725434,5.054e-05,25.15336104,-18.97558971,22.64,678627.26770983,2023-07-19 17:00:00+00:00,26000,29993.18
2023-07-19,18,BTC-230825-26000-C,BTCUSDT,C,230825-26000,5000.0,5000.0,5000.0,5000.0,0.0,0.0,4455.0,4760.0,1.5,1.5,,0.60390711,4601.0,0.54144979,0.82526099,4.998e-05,24.50695409,-18.15637057,22.64,680893.50185492,2023-07-19 18:00:00+00:00,26000,30078.0
2023-07-19,19,BTC-230825-26000-C,BTCUSDT,C,230825-26000,5000.0,5000.0,5000.0,5000.0,0.0,0.0,4405.0,4855.0,1.5,2.49,,0.64912796,4617.0,0.55901289,0.81755623,4.983e-05,25.14100015,-19.25224478,22.64,680194.81758112,2023-07-19 19:00:00+00:00,26000,30044.31
2023-07-19,20,BTC-230825-26000-C,BTCUSDT,C,230825-26000,5000.0,5000.0,5000.0,5000.0,0.0,0.0,4340.0,4630.0,1.5,1.5,,0.58884621,4479.0,0.52938461,0.82433288,5.154e-05,24.47130752,-17.76648624,22.64,678173.48375528,2023-07-19 20:00:00+00:00,26000,29964.95
2023-07-19,21,BTC-230825-26000-C,BTCUSDT,C,230825-26000,5000.0,5000.0,5000.0,5000.0,0.0,0.0,4305.0,0.0,1.5,0.0,,-1e-08,4722.0,0.63334503,0.78935156,4.822e-05,27.29837079,-23.73814465,22.64,677683.50562644,2023-07-19 21:00:00+00:00,26000,29933.96
2023-07-19,22,BTC-230825-26000-C,BTCUSDT,C,230825-26000,5000.0,5000.0,5000.0,5000.0,0.0,0.0,4275.0,4710.0,1.5,5.76,,0.64628363,4482.0,0.56121707,0.80849219,5.152e-05,25.71551193,-19.83777273,22.64,676407.73665062,2023-07-19 22:00:00+00:00,26000,29872.8
2023-07-19,23,BTC-230825-26000-C,BTCUSDT,C,230825-26000,5000.0,5000.0,5000.0,5000.0,0.0,0.0,4300.0,4585.0,1.5,1.5,,0.58988571,4437.0,0.53198934,0.82079326,5.213e-05,24.69255982,-18.07730411,22.64,677057.81315164,2023-07-19 23:00:00+00:00,26000,29909.21
2023-07-20,0,BTC-230825-26000-C,BTCUSDT,C,230825-26000,5000.0,5000.0,5000.0,5000.0,0.0,0.0,4380.0,4825.0,1.5,3.9,,0.6524992,4591.0,0.56405067,0.81421852,5.016e-05,25.31715104,-19.67414682,22.64,679192.5810461,2023-07-20 00:00:00+00:00,26000,30000.0
2023-07-20,1,BTC-230825-26000-C,BTCUSDT,C,230825-26000,5000.0,5000.0,5000.0,5000.0,0.0,0.0,4365.0,4810.0,1.5,4.69,,0.65079212,4576.0,0.56221008,0.81436219,5.035e-05,25.28052731,-19.60408665,22.64,678995.24981107,2023-07-20 01:00:00+00:00,26000,29987.33
2023-07-20,2,BTC-230825-26000-C,BTCUSDT,C,230825-26000,5000.0,5000.0,5000.0,5000.0,0.0,0.0,4365.0,4660.0,1.5,1.5,,0.59589624,4506.0,0.53534031,0.82388237,5.119e-05,24.44396769,-18.07020074,22.64,678792.02968791,2023-07-20 02:00:00+00:00,26000,29985.53
2023-07-20,3,BTC-230825-26000-C,BTCUSDT,C,230825-26000,5000.0,5000.0,5000.0,5000.0,0.0,0.0,4335.0,4620.0,1.5,1.5,,0.59253216,4472.0,0.53423405,0.82246299,5.165e-05,24.52326722,-18.1122029,22.64,678131.65074282,2023-07-20 03:00:00+00:00,26000,29948.01
2023-07-20,4,BTC-230825-26000-C,BTCUSDT,C,230825-26000,5000.0,5000.0,5000.0,5000.0,0.0,0.0,4350.0,4640.0,1.5,1.5,,0.59629917,4489.0,0.53700924,0.82226553,5.143e-05,24.53758939,-18.23793493,22.64,678367.39036475,2023-07-20 04:00:00+00:00,26000,29962.01
2023-07-20,5,BTC-230825-26000-C,BTCUSDT,C,230825-26000,5000.0,5000.0,5000.0,5000.0,0.0,0.0,4495.0,4950.0,1.5,5.26,,0.66312313,4710.0,0.57140827,0.81861498,4.871e-05,24.9766129,-19.77621982,22.64,682115.13137582,2023-07-20 05:00:00+00:00,26000,30125.99
2023-07-20,6,BTC-230825-26000-C,BTCUSDT,C,230825-26000,5000.0,5000.0,5000.0,5000.0,0.0,0.0,4470.0,4925.0,1.5,2.84,,0.65669298,4684.0,0.56416392,0.82079021,4.901e-05,24.76714169,-19.38412486,22.64,681924.3756922,2023-07-20 06:00:00+00:00,26000,30120.0
2023-07-20,7,BTC-230825-26000-C,BTCUSDT,C,230825-26000,5000.0,5000.0,5000.0,5000.0,0.0,0.0,4390.0,4855.0,4.11,4.89,,0.60547352,4599.0,0.49900055,0.84952944,4.936e-05,22.16183828,-15.35939711,22.64,683884.22843955,2023-07-20 07:00:00+00:00,26000,30202.77
2023-07-20,8,BTC-230825-26000-C,BTCUSDT,C,230825-26000,5000.0,5000.0,5000.0,5000.0,0.0,0.0,4590.0,5060.0,1.5,3.8,,0.66473961,4810.0,0.56727767,0.82694543,4.75e-05,24.31377018,-19.17866204,22.64,685231.10691864,2023-07-20 08:00:00+00:00,26000,30264.55
2023-07-20,9,BTC-230825-26000-C,BTCUSDT,C,230825-26000,5000.0,5000.0,5000.0,5000.0,0.0,0.0,4645.0,5120.0,1.5,4.93,,0.66883802,4866.0,0.56961894,0.82921085,4.684e-05,24.14602557,-19.14714023,22.64,686489.12961763,2023-07-20 09:00:00+00:00,26000,30327.99
2023-07-20,10,BTC-230825-26000-C,BTCUSDT,C,230825-26000,5000.0,5000.0,5000.0,5000.0,0.0,0.0,4635.0,5110.0,1.5,2.62,,0.6755352,4858.0,0.57775974,0.82497268,4.698e-05,24.48464989,-19.71601458,22.64,685769.09054056,2023-07-20 10:00:00+00:00,26000,30295.0
2023-07-20,11,BTC-230825-26000-C,BTCUSDT,C,230825-26000,5000.0,5000.0,5000.0,5000.0,0.0,0.0,4630.0,5100.0,1.5,4.05,,0.67485094,4850.0,0.57819963,0.82451822,4.706e-05,24.50348222,-19.76916231,22.64,685680.84678689,2023-07-20 11:00:00+00:00,26000,30284.9
2023-07-20,12,BTC-230825-26000-C,BTCUSDT,C,230825-26000,5000.0,5000.0,5000.0,5000.0,0.0,0.0,4580.0,5045.0,1.5,3.41,,0.6738472,4799.0,0.57911396,0.82127112,4.767e-05,24.72178729,-20.000085,22.64,684341.92962644,2023-07-20 12:00:00+00:00,26000,30221.53
2023-07-20,13,BTC-230825-26000-C,BTCUSDT,C,230825-26000,5000.0,5000.0,5000.0,5000.0,0.0,0.0,4585.0,5055.0,1.5,4.09,,0.675354,4806.0,0.57940722,0.82170546,4.758e-05,24.67674953,-19.99703789,22.64,684616.64985492,2023-07-20 13:00:00+00:00,26000,30229.58
2023-07-20,14,BTC-230825-26000-C,BTCUSDT,C,230825-26000,5000.0,5000.0,5000.0,5000.0,0.0,0.0,4130.0,4550.0,1.5,2.62,,0.62015057,4328.0,0.53527117,0.81450905,5.362e-05,24.90495593,-18.6663718,22.64,673678.17614938,2023-07-20 14:00:00+00:00,26000,29782.19
2023-07-20,15,BTC-230825-26000-C,BTCUSDT,C,230825-26000,5000.0,5000.0,5000.0,5000.0,0.0,0.0,4175.0,4600.0,1.5,2.11,,0.6306076,4376.0,0.54533124,0.81254988,5.296e-05,25.07714049,-19.17104253,22.64,674958.71694056,2023-07-20 15:00:00+00:00,26000,29810.18
2023-07-20,16,BTC-230825-26000-C,BTCUSDT,C,230825-26000,5000.0,5000.0,5000.0,5000.0,0.0,0.0,4085.0,4505.0,1.5,2.66,,0.62430143,4284.0,0.54067969,0.80906112,5.423e-05,25.26538638,-19.17259918,22.64,672983.64314734,2023-07-20 16:00:00+00:00,26000,29716.69
2023-07-20,17,BTC-230825-26000-C,BTCUSDT,C,230825-26000,5000.0,5000.0,5000.0,5000.0,0.0,0.0,4120.0,4590.0,1.5,4.8,,0.64258099,4342.0,0.54908752,0.80869213,5.342e-05,25.31965522,-19.53541304,22.64,673697.79084836,2023-07-20 17:00:00+00:00,26000,29756.73
2023-07-20,18,BTC-230825-26000-C,BTCUSDT,C,230825-26000,5000.0,5000.0,5000.0,5000.0,0.0,0.0,4065.0,4605.0,1.5,2.29,,0.66775322,4320.0,0.5626297,0.80047709,5.363e-05,25.89880269,-20.49908206,22.64,672110.03769672,2023-07-20 18:00:00+00:00,26000,29687.84
2023-07-20,19,BTC-230825-26000-C,BTCUSDT,C,230825-26000,5000.0,5000.0,5000.0,5000.0,0.0,0.0,4115.0,4605.0,1.5,2.29,,0.64951897,4346.0,0.5521822,0.80770504,5.335e-05,25.36760036,-19.72891936,22.64,673600.79213198,2023-07-20 19:00:00+00:00,26000,29756.0
2023-07-20,20,BTC-230825-26000-C,BTCUSDT,C,230825-26000,5000.0,5000.0,5000.0,5000.0,0.0,0.0,4110.0,4605.0,1.5,2.29,,0.65441132,4344.0,0.55669904,0.80541386,5.336e-05,25.52281841,-20.03552123,22.64,673170.41568362,2023-07-20 20:00:00+00:00,26000,29739.72
2023-07-20,21,BTC-230825-26000-C,BTCUSDT,C,230825-26000,5000.0,5000.0,5000.0,5000.0,0.0,0.0,4240.0,4755.0,1.5,4.74,,0.67070723,4483.0,0.56831479,0.80875673,5.152e-05,25.35493053,-20.3429327,22.64,675900.46381537,2023-07-20 21:00:00+00:00,26000,29870.28
2023-07-20,22,BTC-230825-26000-C,BTCUSDT,C,230825-26000,5000.0,5000.0,5000.0,5000.0,0.0,0.0,4170.0,4755.0,1.5,4.74,,0.68802118,4444.0,0.57286143,0.80422513,5.198e-05,25.65240032,-20.77069399,22.64,675026.1144791,2023-07-20 22:00:00+00:00,26000,29814.0
2023-07-20,23,BTC-230825-26000-C,BTCUSDT,C,230825-26000,5000.0,5000.0,5000.0,5000.0,0.0,0.0,4155.0,4755.0,1.5,4.74,,0.69147825,4436.0,0.57344079,0.80356887,5.208e-05,25.67981634,-20.83846607,22.64,674556.84698893,2023-07-20 23:00:00+00:00,26000,29800.0
2023-07-21,0,BTC-230825-26000-C,BTCUSDT,C,230825-26000,5000.0,5000.0,5000.0,5000.0,0.0,0.0,4165.0,4625.0,1.5,4.28,,0.64985991,4383.0,0.55838227,0.80779544,5.284e-05,25.31229069,-20.02445776,22.64,674633.16866802,2023-07-21 00:00:00+00:00,26000,29786.01
2023-07-21,1,BTC-230825-26000-C,BTCUSDT,C,230825-26000,5000.0,5000.0,5000.0,5000.0,0.0,0.0,4260.0,4625.0,1.5,1.5,,0.62376261,4434.0,0.5495894,0.81573321,5.218e-05,24.72271065,-19.2728158,22.64,676367.0816791,2023-07-21 01:00:00+00:00,26000,29877.48
2023-07-21,2,BTC-230825-26000-C,BTCUSDT,C,230825-26000,5000.0,5000.0,5000.0,5000.0,0.0,0.0,4290.0,4630.0,1.5,1.5,,0.61811447,4452.0,0.54865003,0.81755336,5.193e-05,24.57731444,-19.14935827,22.64,676859.54894938,2023-07-21 02:00:00+00:00,26000,29903.19
2023-07-21,3,BTC-230825-26000-C,BTCUSDT,C,230825-26000,5000.0,5000.0,5000.0,5000.0,0.0,0.0,4075.0,4780.0,4.44,4.91,,0.67579985,4387.0,0.524019,0.82642348,5.273e-05,23.79827789,-17.73091812,22.64,676735.5837539,2023-07-21 03:00:00+00:00,26000,29897.62
2023-07-21,4,BTC-230825-26000-C,BTCUSDT,C,230825-26000,5000.0,5000.0,5000.0,5000.0,0.0,0.0,4225.0,4630.0,1.5,1.5,,0.63066483,4417.0,0.54802179,0.81594298,5.241e-05,24.65046497,-19.22987555,22.64,676189.3079209,2023-07-21 04:00:00+00:00,26000,29864.0
2023-07-21,5,BTC-230825-26000-C,BTCUSDT,C,230825-26000,5000.0,5000.0,5000.0,5000.0,0.0,0.0,4185.0,4630.0,1.5,1.5,,0.6448245,4396.0,0.5552268,0.81105916,5.269e-05,24.99917285,-19.78176661,22.64,674901.23124407,2023-07-21 05:00:00+00:00,26000,29817.99
2023-07-21,6,BTC-230825-26000-C,BTCUSDT,C,230825-26000,5000.0,5000.0,5000.0,5000.0,0.0,0.0,4225.0,4505.0,1.5,1.5,,0.58621645,4359.0,0.52769542,0.82315501,5.316e-05,24.00477405,-18.07449001,22.64,675900.11053198,2023-07-21 06:00:00+00:00,26000,29856.48
2023-07-21,7,BTC-230825-26000-C,BTCUSDT,C,230825-26000,5000.0,5000.0,5000.0,5000.0,0.0,0.0,3980.0,4405.0,2.42,3.77,,0.5751586,4174.0,0.48022747,0.83752058,5.552e-05,22.65421872,-15.54167793,22.64,673998.10422847,2023-07-21 07:00:00+00:00,26000,29766.81
2023-07-21,8,BTC-230825-26000-C,BTCUSDT,C,230825-26000,5000.0,5000.0,5000.0,5000.0,0.0,0.0,4140.0,4555.0,1.5,5.97,,0.62648773,4336.0,0.54172277,0.81463437,5.352e-05,24.63772548,-19.08960084,22.64,674411.27925266,2023-07-21 08:00:00+00:00,26000,29786.29
2023-07-21,9,BTC-230825-26000-C,BTCUSDT,C,230825-26000,5000.0,5000.0,5000.0,5000.0,0.0,0.0,4100.0,4515.0,1.5,5.44,,0.62117338,4296.0,0.5361259,0.81507823,5.408e-05,24.56039993,-18.85555434,22.64,673648.19680881,2023-07-21 09:00:00+00:00,26000,29755.99
2023-07-21,10,BTC-230825-26000-C,BTCUSDT,C,230825-26000,5000.0,5000.0,5000.0,5000.0,0.0,0.0,4145.0,4570.0,1.5,4.55,,0.63087225,4346.0,0.54402709,0.81439955,5.338e-05,24.63322571,-19.21310058,22.64,674557.58341107,2023-07-21 10:00:00+00:00,26000,29793.36
2023-07-21,11,BTC-230825-26000-C,BTCUSDT,C,230825-26000,5000.0,5000.0,5000.0,5000.0,0.0,0.0,4120.0,4540.0,1.5,4.41,,0.62447309,4318.0,0.53812981,0.815828,5.377e-05,24.48814962,-18.91550073,22.64,674211.34068565,2023-07-21 11:00:00+00:00,26000,29778.51
2023-07-21,12,BTC-230825-26000-C,BTCUSDT,C,230825-26000,5000.0,5000.0,5000.0,5000.0,0.0,0.0,4190.0,4620.0,1.5,3.19,,0.6280899,4392.0,0.53835154,0.82067656,5.273e-05,24.14143718,-18.67771324,22.64,676241.72076475,2023-07-21 12:00:00+00:00,26000,29869.91
2023-07-21,13,BTC-230825-26000-C,BTCUSDT,C,230825-26000,5000.0,5000.0,5000.0,5000.0,0.0,0.0,4135.0,4555.0,1.5,2.94,,0.62060356,4332.0,0.53303242,0.81978048,5.355e-05,24.15737582,-18.52756855,22.64,674844.92232972,2023-07-21 13:00:00+00:00,26000,29813.99
2023-07-21,14,BTC-230825-26000-C,BTCUSDT,C,230825-26000,5000.0,5000.0,5000.0,5000.0,0.0,0.0,4195.0,4620.0,1.5,4.2,,0.62600613,4394.0,0.53682685,0.82196957,5.268e-05,24.01047588,-18.56825519,22.64,675772.68216271,2023-07-21 14:00:00+00:00,26000,29881.07
2023-07-21,15,BTC-230825-26000-C,BTCUSDT,C,230825-26000,5000.0,5000.0,5000.0,5000.0,0.0,0.0,4195.0,4625.0,1.5,2.44,,0.63252926,4397.0,0.54315209,0.8190372,5.266e-05,24.23224612,-18.98335216,22.64,676145.55052316,2023-07-21 15:00:00+00:00,26000,29866.0
2023-07-21,16,BTC-230825-26000-C,BTCUSDT,C,230825-26000,5000.0,5000.0,5000.0,5000.0,0.0,0.0,4130.0,4665.0,1.5,3.53,,0.65879822,4379.0,0.54842472,0.8153005,5.293e-05,24.49799317,-19.40115606,22.64,675302.98675164,2023-07-21 16:00:00+00:00,26000,29828.0
2023-07-21,17,BTC-230825-26000-C,BTCUSDT,C,230825-26000,5000.0,5000.0,5000.0,5000.0,0.0,0.0,4245.0,4675.0,1.5,4.78,,0.63591003,4447.0,0.54592371,0.82112294,5.199e-05,24.071327,-18.99918613,22.64,677426.33512972,2023-07-21 17:00:00+00:00,26000,29921.99
2023-07-21,18,BTC-230825-26000-C,BTCUSDT,C,230825-26000,5000.0,5000.0,5000.0,5000.0,0.0,0.0,4300.0,4825.0,1.5,3.1,,0.6742382,4545.0,0.56563616,0.81750617,5.073e-05,24.41118266,-19.98722742,22.64,678675.44115164,2023-07-21 18:00:00+00:00,26000,29981.69
2023-07-21,19,BTC-230825-26000-C,BTCUSDT,C,230825-26000,5000.0,5000.0,5000.0,5000.0,0.0,0.0,4170.0,4680.0,1.5,5.53,,0.65247059,4407.0,0.54596663,0.81889885,5.253e-05,24.19169398,-19.14181607,22.64,676415.3571252,2023-07-21 19:00:00+00:00,26000,29875.99
2023-07-21,20,BTC-230825-26000-C,BTCUSDT,C,230825-26000,5000.0,5000.0,5000.0,5000.0,0.0,0.0,4205.0,4680.0,1.5,5.53,,0.65069199,4428.0,0.5522275,0.81717721,5.226e-05,24.32656464,-19.49280783,22.64,676588.41131435,2023-07-21 20:00:00+00:00,26000,29880.0
2023-07-21,21,BTC-230825-26000-C,BTCUSDT,C,230825-26000,5000.0,5000.0,5000.0,5000.0,0.0,0.0,4215.0,4685.0,1.5,2.17,,0.64663887,4435.0,0.54831266,0.81980013,5.216e-05,24.11015825,-19.20566681,22.64,677026.49282644,2023-07-21 21:00:00+00:00,26000,29899.57
2023-07-21,22,BTC-230825-26000-C,BTCUSDT,C,230825-26000,5000.0,5000.0,5000.0,5000.0,0.0,0.0,4245.0,4690.0,1.5,4.74,,0.64175606,4454.0,0.54830551,0.82116807,5.19e-05,23.9996394,-19.14055291,22.64,677515.99450554,2023-07-21 22:00:00+00:00,26000,29925.06
2023-07-21,23,BTC-230825-26000-C,BTCUSDT,C,230825-26000,5000.0,5000.0,5000.0,5000.0,0.0,0.0,4200.0,4690.0,1.5,5.93,,0.64945698,4428.0,0.54639101,0.82070101,5.224e-05,24.00485146,-19.10101546,22.64,676930.99929672,2023-07-21 23:00:00+00:00,26000,29901.72
2023-07-22,0,BTC-230825-26000-C,BTCUSDT,C,230825-26000,5000.0,5000.0,5000.0,5000.0,0.0,0.0,4305.0,4695.0,1.5,3.11,,0.62665939,4488.0,0.54344654,0.82617551,5.139e-05,23.5894856,-18.69203405,22.64,678751.68321763,2023-07-22 00:00:00+00:00,26000,29983.79
2023-07-22,1,BTC-230825-26000-C,BTCUSDT,C,230825-26000,5000.0,5000.0,5000.0,5000.0,0.0,0.0,4250.0,4695.0,1.5,3.11,,0.64498901,4459.0,0.55166721,0.82029825,5.183e-05,24.02874083,-19.35162631,22.64,677552.84794734,2023-07-22 01:00:00+00:00,26000,29924.01
2023-07-22,2,BTC-230825-26000-C,BTCUSDT,C,230825-26000,5000.0,5000.0,5000.0,5000.0,0.0,0.0,4235.0,4695.0,1.5,3.11,,0.64193726,4449.0,0.54415464,0.82370912,5.193e-05,23.73475186,-18.87752167,22.64,677526.74228565,2023-07-22 02:00:00+00:00,26000,29935.48
2023-07-22,3,BTC-230825-26000-C,BTCUSDT,C,230825-26000,5000.0,5000.0,5000.0,5000.0,0.0,0.0,4225.0,4685.0,1.5,4.68,,0.64855576,4441.0,0.55222511,0.81919967,5.208e-05,24.07381368,-19.45486826,22.64,677109.13629017,2023-07-22 03:00:00+00:00,26000,29903.41
2023-07-22,4,BTC-230825-26000-C,BTCUSDT,C,230825-26000,5000.0,5000.0,5000.0,5000.0,0.0,0.0,4195.0,4625.0,1.5,5.22,,0.63169003,4396.0,0.54048777,0.82257178,5.265e-05,23.76109929,-18.81696575,22.64,676587.32160881,2023-07-22 04:00:00+00:00,26000,29884.0
2023-07-22,5,BTC-230825-26000-C,BTCUSDT,C,230825-26000,5000.0,5000.0,5000.0,5000.0,0.0,0.0,3965.0,4400.0,2.55,3.11,,0.54747105,4150.0,0.43382406,0.86708548,5.425e-05,19.60628735,-12.4777648,22.64,676233.42357808,2023-07-22 05:00:00+00:00,26000,29870.01
2023-07-22,6,BTC-230825-26000-C,BTCUSDT,C,230825-26000,5000.0,5000.0,5000.0,5000.0,0.0,0.0,3990.0,4410.0,3.33,2.89,,0.54429054,4169.0,0.43400764,0.86833741,5.387e-05,19.48151114,-12.41878368,22.64,676763.04283955,2023-07-22 06:00:00+00:00,26000,29890.01
2023-07-22,7,BTC-230825-26000-C,BTCUSDT,C,230825-26000,5000.0,5000.0,5000.0,5000.0,0.0,0.0,4065.0,4500.0,2.67,4.2,,0.56389093,4254.0,0.45369029,0.86200888,5.315e-05,20.14286138,-13.43914341,22.64,677946.43563955,2023-07-22 07:00:00+00:00,26000,29944.77
2023-07-22,8,BTC-230825-26000-C,BTCUSDT,C,230825-26000,5000.0,5000.0,5000.0,5000.0,0.0,0.0,4270.0,4700.0,1.5,5.62,,0.64579487,4472.0,0.55524588,0.82053141,5.166e-05,23.91691912,-19.55302997,22.64,677782.16378011,2023-07-22 08:00:00+00:00,26000,29937.29
2023-07-22,9,BTC-230825-26000-C,BTCUSDT,C,230825-26000,5000.0,5000.0,5000.0,5000.0,0.0,0.0,4240.0,4670.0,1.5,5.23,,0.6370306,4441.0,0.54527998,0.82381592,5.204e-05,23.61926339,-18.98639862,22.64,677403.7946461,2023-07-22 09:00:00+00:00,26000,29929.48
2023-07-22,10,BTC-230825-26000-C,BTCUSDT,C,230825-26000,5000.0,5000.0,5000.0,5000.0,0.0,0.0,4190.0,4615.0,1.5,4.65,,0.6247282,4388.0,0.53275824,0.82709371,5.271e-05,23.30316954,-18.3246513,22.64,676978.19498893,2023-07-22 10:00:00+00:00,26000,29902.08
2023-07-22,11,BTC-230825-26000-C,BTCUSDT,C,230825-26000,5000.0,5000.0,5000.0,5000.0,0.0,0.0,4190.0,4615.0,1.5,5.0,,0.62974453,4389.0,0.53867698,0.82422451,5.274e-05,23.52179717,-18.725093,22.64,676652.1715252,2023-07-22 11:00:00+00:00,26000,29886.94
2023-07-22,12,BTC-230825-26000-C,BTCUSDT,C,230825-26000,5000.0,5000.0,5000.0,5000.0,0.0,0.0,4165.0,4585.0,1.5,3.14,,0.63212156,4362.0,0.54323316,0.8203352,5.313e-05,23.79880481,-19.1294137,22.64,675828.85672972,2023-07-22 12:00:00+00:00,26000,29840.84
2023-07-22,13,BTC-230825-26000-C,BTCUSDT,C,230825-26000,5000.0,5000.0,5000.0,5000.0,0.0,0.0,4140.0,4560.0,1.5,3.41,,0.62088966,4336.0,0.5301857,0.82561804,5.345e-05,23.34482916,-18.33643012,22.64,675784.84058893,2023-07-22 13:00:00+00:00,26000,29848.3
2023-07-22,14,BTC-230825-26000-C,BTCUSDT,C,230825-26000,5000.0,5000.0,5000.0,5000.0,0.0,0.0,4185.0,4610.0,1.5,2.37,,0.62976837,4384.0,0.53840637,0.82455613,5.28e-05,23.44821133,-18.72632196,22.64,676586.3612748,2023-07-22 14:00:00+00:00,26000,29883.87
2023-07-22,15,BTC-230825-26000-C,BTCUSDT,C,230825-26000,5000.0,5000.0,5000.0,5000.0,0.0,0.0,4210.0,4640.0,1.5,4.44,,0.63661098,4411.0,0.54460049,0.82329375,5.244e-05,23.55352625,-19.05038235,22.64,676965.62108136,2023-07-22 15:00:00+00:00,26000,29900.24
2023-07-22,16,BTC-230825-26000-C,BTCUSDT,C,230825-26000,5000.0,5000.0,5000.0,5000.0,0.0,0.0,4215.0,4740.0,1.5,2.56,,0.67496777,4460.0,0.56506634,0.81621164,5.184e-05,24.12706769,-20.27269753,22.64,676935.68403525,2023-07-22 16:00:00+00:00,26000,29899.99
2023-07-22,17,BTC-230825-26000-C,BTCUSDT,C,230825-26000,5000.0,5000.0,5000.0,5000.0,0.0,0.0,4150.0,4610.0,1.5,2.9,,0.64528465,4365.0,0.5479598,0.81895626,5.31e-05,23.83515453,-19.44521406,22.64,675419.36238112,2023-07-22 17:00:00+00:00,26000,29837.35
2023-07-22,18,BTC-230825-26000-C,BTCUSDT,C,230825-26000,5000.0,5000.0,5000.0,5000.0,0.0,0.0,4115.0,4610.0,1.5,2.9,,0.65257072,4346.0,0.54795742,0.8178552,5.338e-05,23.89250505,-19.51613055,22.64,674992.65165168,2023-07-22 18:00:00+00:00,26000,29814.23
2023-07-22,19,BTC-230825-26000-C,BTCUSDT,C,230825-26000,5000.0,5000.0,5000.0,5000.0,0.0,0.0,4145.0,4610.0,1.5,5.88,,0.64649105,4362.0,0.54788828,0.81915488,5.314e-05,23.7881302,-19.45258688,22.64,675541.30941168,2023-07-22 19:00:00+00:00,26000,29836.0
2023-07-22,20,BTC-230825-26000-C,BTCUSDT,C,230825-26000,5000.0,5000.0,5000.0,5000.0,0.0,0.0,4150.0,4610.0,1.5,5.88,,0.64968348,4366.0,0.55281758,0.8170294,5.31e-05,23.94024083,-19.77770585,22.64,675302.50160881,2023-07-22 20:00:00+00:00,26000,29827.24
2023-07-22,21,BTC-230825-26000-C,BTCUSDT,C,230825-26000,5000.0,5000.0,5000.0,5000.0,0.0,0.0,4145.0,4610.0,1.5,5.88,,0.65019608,4363.0,0.55206537,0.81739846,5.314e-05,23.89491042,-19.73797713,22.64,675286.61868344,2023-07-22 21:00:00+00:00,26000,29827.04
2023-07-22,22,BTC-230825-26000-C,BTCUSDT,C,230825-26000,5000.0,5000.0,5000.0,5000.0,0.0,0.0,4100.0,4610.0,1.5,5.88,,0.65615177,4337.0,0.5479455,0.81799708,5.35e-05,23.81622118,-19.55054185,22.64,674857.96894056,2023-07-22 22:00:00+00:00,26000,29808.0
2023-07-22,23,BTC-230825-26000-C,BTCUSDT,C,230825-26000,5000.0,5000.0,5000.0,5000.0,0.0,0.0,4080.0,4495.0,1.5,3.32,,0.61831951,4274.0,0.52841663,0.82423593,5.434e-05,23.26909564,-18.44365937,22.64,674309.18031638,2023-07-22 23:00:00+00:00,26000,29794.0
2023-07-23,0,BTC-230825-26000-C,BTCUSDT,C,230825-26000,5000.0,5000.0,5000.0,5000.0,0.0,0.0,4065.0,4475.0,1.5,5.75,,0.61430693,4257.0,0.52515388,0.82499869,5.458e-05,23.18194645,-18.28398216,22.64,674141.31342418,2023-07-23 00:00:00+00:00,26000,29778.38
2023-07-23,1,BTC-230825-26000-C,BTCUSDT,C,230825-26000,5000.0,5000.0,5000.0,5000.0,0.0,0.0,4155.0,4580.0,1.5,5.37,,0.63966274,4355.0,0.5493784,0.81895598,5.325e-05,23.70954117,-19.58722578,22.64,675404.37663299,2023-07-23 01:00:00+00:00,26000,29826.16
2023-07-23,2,BTC-230825-26000-C,BTCUSDT,C,230825-26000,5000.0,5000.0,5000.0,5000.0,0.0,0.0,4190.0,4615.0,1.5,2.3,,0.63673496,4389.0,0.54503202,0.82356174,5.274e-05,23.35635665,-19.16681241,22.64,676806.04142418,2023-07-23 02:00:00+00:00,26000,29885.12
2023-07-23,3,BTC-230825-26000-C,BTCUSDT,C,230825-26000,5000.0,5000.0,5000.0,5000.0,0.0,0.0,4160.0,4585.0,1.5,5.87,,0.6372118,4359.0,0.54609537,0.82128449,5.317e-05,23.50140471,-19.3477445,22.64,675781.54908136,2023-07-23 03:00:00+00:00,26000,29845.72
2023-07-23,4,BTC-230825-26000-C,BTCUSDT,C,230825-26000,5000.0,5000.0,5000.0,5000.0,0.0,0.0,4220.0,4645.0,1.5,3.17,,0.64246178,4419.0,0.55097938,0.82281202,5.234e-05,23.40674962,-19.46661402,22.64,677182.95512972,2023-07-23 04:00:00+00:00,26000,29905.22
2023-07-23,5,BTC-230825-26000-C,BTCUSDT,C,230825-26000,5000.0,5000.0,5000.0,5000.0,0.0,0.0,4225.0,4655.0,1.5,5.94,,0.64194918,4426.0,0.5487597,0.82454827,5.223e-05,23.25881191,-19.2899156,22.64,677342.88558237,2023-07-23 05:00:00+00:00,26000,29921.99
2023-07-23,6,BTC-230825-26000-C,BTCUSDT,C,230825-26000,5000.0,5000.0,5000.0,5000.0,0.0,0.0,4220.0,4650.0,1.5,3.6,,0.64126015,4421.0,0.54789782,0.82484024,5.23e-05,23.21747883,-19.24963654,22.64,677331.79695819,2023-07-23 06:00:00+00:00,26000,29919.41
2023-07-23,7,BTC-230825-26000-C,BTCUSDT,C,230825-26000,5000.0,5000.0,5000.0,5000.0,0.0,0.0,4060.0,4490.0,4.05,4.34,,0.5786562,4250.0,0.47181606,0.85529551,5.363e-05,20.47281607,-14.63545468,22.64,677112.54224181,2023-07-23 07:00:00+00:00,26000,29916.0
2023-07-23,8,BTC-230825-26000-C,BTCUSDT,C,230825-26000,5000.0,5000.0,5000.0,5000.0,0.0,0.0,4240.0,4675.0,1.5,3.88,,0.64250469,4443.0,0.54728508,0.82687854,5.198e-05,23.03939954,-19.12887261,22.64,678070.24658463,2023-07-23 08:00:00+00:00,26000,29948.01
2023-07-23,9,BTC-230825-26000-C,BTCUSDT,C,230825-26000,5000.0,5000.0,5000.0,5000.0,0.0,0.0,4190.0,4620.0,1.5,4.92,,0.63586712,4390.0,0.54161787,0.82664148,5.269e-05,23.00906979,-18.92980101,22.64,676976.81668565,2023-07-23 09:00:00+00:00,26000,29900.18
2023-07-23,10,BTC-230825-26000-C,BTCUSDT,C,230825-26000,5000.0,5000.0,5000.0,5000.0,0.0,0.0,4180.0,4610.0,1.5,5.37,,0.63629627,4381.0,0.54221869,0.82587934,5.283e-05,23.04900324,-19.00775032,22.64,676694.67252746,2023-07-23 10:00:00+00:00,26000,29887.59
2023-07-23,11,BTC-230825-26000-C,BTCUSDT,C,230825-26000,5000.0,5000.0,5000.0,5000.0,0.0,0.0,4160.0,4590.0,1.5,5.61,,0.62882185,4360.0,0.53342223,0.8292761,5.306e-05,22.74672546,-18.47757073,22.64,676670.85823299,2023-07-23 11:00:00+00:00,26000,29888.58
2023-07-23,12,BTC-230825-26000-C,BTCUSDT,C,230825-26000,5000.0,5000.0,5000.0,5000.0,0.0,0.0,4190.0,4620.0,1.5,3.86,,0.63132286,4390.0,0.53562164,0.83021245,5.264e-05,22.67578041,-18.51939183,22.64,677206.28179345,2023-07-23 12:00:00+00:00,26000,29919.7
2023-07-23,13,BTC-230825-26000-C,BTCUSDT,C,230825-26000,5000.0,5000.0,5000.0,5000.0,0.0,0.0,4180.0,4605.0,1.5,3.39,,0.63549519,4378.0,0.54221153,0.82626924,5.286e-05,22.97248241,-19.01670304,22.64,676697.45650102,2023-07-23 13:00:00+00:00,26000,29888.36
2023-07-23,14,BTC-230825-26000-C,BTCUSDT,C,230825-26000,5000.0,5000.0,5000.0,5000.0,0.0,0.0,4175.0,4600.0,1.5,4.5,,0.63224792,4373.0,0.53823948,0.8281468,5.29e-05,22.80347133,-18.76238092,22.64,676810.84060655,2023-07-23 14:00:00+00:00,26000,29894.82
2023-07-23,15,BTC-230825-26000-C,BTCUSDT,C,230825-26000,5000.0,5000.0,5000.0,5000.0,0.0,0.0,4175.0,4600.0,1.5,4.5,,0.63170433,4373.0,0.53742886,0.828735,5.289e-05,22.74135132,-18.70691953,22.64,676895.73314282,2023-07-23 15:00:00+00:00,26000,29897.64
2023-07-23,16,BTC-230825-26000-C,BTCUSDT,C,230825-26000,5000.0,5000.0,5000.0,5000.0,0.0,0.0,4235.0,4665.0,1.5,2.37,,0.63981533,4435.0,0.54434776,0.82929794,5.205e-05,22.72235663,-18.95610669,22.64,678173.58450102,2023-07-23 16:00:00+00:00,26000,29954.12
2023-07-23,17,BTC-230825-26000-C,BTCUSDT,C,230825-26000,5000.0,5000.0,5000.0,5000.0,0.0,0.0,4430.0,4875.0,1.5,4.83,,0.67254782,4638.0,0.57526946,0.82661251,4.951e-05,23.05832189,-20.3551054,22.64,681499.68661107,2023-07-23 17:00:00+00:00,26000,30118.49
2023-07-23,18,BTC-230825-26000-C,BTCUSDT,C,230825-26000,5000.0,5000.0,5000.0,5000.0,0.0,0.0,4355.0,4820.0,4.24,2.14,,0.60576439,4552.0,0.48129559,0.86980964,4.871e-05,19.12711269,-14.14462222,22.64,685093.64231209,2023-07-23 18:00:00+00:00,26000,30248.01
2023-07-23,19,BTC-230825-26000-C,BTCUSDT,C,230825-26000,5000.0,5000.0,5000.0,5000.0,0.0,0.0,4390.0,4685.0,1.5,1.5,,0.60431004,4529.0,0.53658247,0.83958269,5.059e-05,21.88450463,-18.06590364,22.64,681108.22608362,2023-07-23 19:00:00+00:00,26000,30093.12
2023-07-23,20,BTC-230825-26000-C,BTCUSDT,C,230825-26000,5000.0,5000.0,5000.0,5000.0,0.0,0.0,4450.0,4750.0,1.5,1.5,,0.61413765,4592.0,0.54550886,0.83898192,4.983e-05,21.96182156,-18.45498948,22.64,682431.79780226,2023-07-23 20:00:00+00:00,26000,30143.49
2023-07-23,21,BTC-230825-26000-C,BTCUSDT,C,230825-26000,5000.0,5000.0,5000.0,5000.0,0.0,0.0,4265.0,4550.0,1.5,1.5,,0.59936047,4400.0,0.53534746,0.8326295,5.245e-05,22.35532612,-18.45942852,22.64,677846.59572746,2023-07-23 21:00:00+00:00,26000,29955.24
2023-07-23,22,BTC-230825-26000-C,BTCUSDT,C,230825-26000,5000.0,5000.0,5000.0,5000.0,0.0,0.0,4330.0,4620.0,1.5,1.5,,0.60489178,4467.0,0.53925753,0.83497931,5.15e-05,22.19031699,-18.48075856,22.64,679498.83307254,2023-07-23 22:00:00+00:00,26000,30013.59
2023-07-23,23,BTC-230825-26000-C,BTCUSDT,C,230825-26000,5000.0,5000.0,5000.0,5000.0,0.0,0.0,4380.0,4675.0,1.5,1.5,,0.60435295,4519.0,0.53637266,0.83978719,5.071e-05,21.80445028,-18.08552605,22.64,681209.62094056,2023-07-23 23:00:00+00:00,26000,30083.75
2023-07-24,0,BTC-230825-26000-C,BTCUSDT,C,230825-26000,5000.0,5000.0,5000.0,5000.0,0.0,0.0,4305.0,4595.0,1.5,1.5,,0.59644699,4442.0,0.52972078,0.83867094,5.174e-05,21.83565967,-17.90988169,22.64,679536.75880429,2023-07-24 00:00:00+00:00,26000,30010.01
2023-07-24,1,BTC-230825-26000-C,BTCUSDT,C,230825-26000,5000.0,5000.0,5000.0,5000.0,0.0,0.0,4205.0,4630.0,1.5,4.66,,0.64231873,4403.0,0.54815531,0.82696392,5.251e-05,22.75765124,-19.34065557,22.64,677211.00385062,2023-07-24 01:00:00+00:00,26000,29915.99
2023-07-24,2,BTC-230825-26000-C,BTCUSDT,C,230825-26000,5000.0,5000.0,5000.0,5000.0,0.0,0.0,4055.0,4325.0,1.5,1.5,,0.55615902,4182.0,0.4924798,0.84255142,5.523e-05,21.3109203,-16.2926686,22.64,674483.28938011,2023-07-24 02:00:00+00:00,26000,29799.63
2023-07-24,3,BTC-230825-26000-C,BTCUSDT,C,230825-26000,5000.0,5000.0,5000.0,5000.0,0.0,0.0,4010.0,4270.0,1.5,1.5,,0.56110382,4133.0,0.50163031,0.83439605,5.623e-05,21.95042112,-17.1155324,22.64,672761.77612316,2023-07-24 03:00:00+00:00,26000,29716.01
2023-07-24,4,BTC-230825-26000-C,BTCUSDT,C,230825-26000,5000.0,5000.0,5000.0,5000.0,0.0,0.0,4080.0,4495.0,1.5,2.35,,0.62768936,4274.0,0.53566694,0.82557128,5.433e-05,22.7383924,-18.95751089,22.64,674624.81923525,2023-07-24 04:00:00+00:00,26000,29794.0
2023-07-24,5,BTC-230825-26000-C,BTCUSDT,C,230825-26000,5000.0,5000.0,5000.0,5000.0,0.0,0.0,4075.0,4490.0,1.5,3.92,,0.62467813,4268.0,0.53198218,0.82732854,5.438e-05,22.58108072,-18.721135,22.64,674628.17045266,2023-07-24 05:00:00+00:00,26000,29799.92
2023-07-24,6,BTC-230825-26000-C,BTCUSDT,C,230825-26000,5000.0,5000.0,5000.0,5000.0,0.0,0.0,4035.0,4450.0,1.5,5.7,,0.61555386,4227.0,0.5216217,0.83031096,5.492e-05,22.30110798,-18.15251664,22.64,674274.05099774,2023-07-24 06:00:00+00:00,26000,29778.46
2023-07-24,7,BTC-230825-26000-C,BTCUSDT,C,230825-26000,5000.0,5000.0,5000.0,5000.0,0.0,0.0,3955.0,4375.0,4.74,3.72,,0.56894779,4139.0,0.46072721,0.85877545,5.503e-05,19.77365391,-14.23477687,22.64,675285.02153853,2023-07-24 07:00:00+00:00,26000,29828.0
2023-07-24,8,BTC-230825-26000-C,BTCUSDT,C,230825-26000,5000.0,5000.0,5000.0,5000.0,0.0,0.0,4040.0,4295.0,1.5,1.5,,0.56001663,4161.0,0.50082922,0.83758335,5.572e-05,21.63357642,-16.95132716,22.64,673661.4723078,2023-07-24 08:00:00+00:00,26000,29756.01
2023-07-24,9,BTC-230825-26000-C,BTCUSDT,C,230825-26000,5000.0,5000.0,5000.0,5000.0,0.0,0.0,3460.0,29225.0,1.5,1.5,,9.9999994,4775.0,0.89951224,0.71446701,4.378e-05,29.31829629,-41.31408391,22.64,661382.81260655,2023-07-24 09:00:00+00:00,26000,29178.01
2023-07-24,10,BTC-230825-26000-C,BTCUSDT,C,230825-26000,5000.0,5000.0,5000.0,5000.0,0.0,0.0,3615.0,3840.0,1.5,1.5,,0.51560879,3722.0,0.46455026,0.82781484,6.337e-05,22.11031209,-16.11191753,22.64,663929.55635164,2023-07-24 10:00:00+00:00,26000,29324.01
2023-07-24,11,BTC-230825-26000-C,BTCUSDT,C,230825-26000,5000.0,5000.0,5000.0,5000.0,0.0,0.0,3560.0,3775.0,1.5,1.5,,0.50779581,3663.0,0.45907974,0.82677414,6.454e-05,22.13809003,-15.96305493,22.64,662724.32465944,2023-07-24 11:00:00+00:00,26000,29269.99
2023-07-24,12,BTC-230825-26000-C,BTCUSDT,C,230825-26000,5000.0,5000.0,5000.0,5000.0,0.0,0.0,3535.0,3750.0,1.5,1.5,,0.51057816,3638.0,0.46245098,0.82291972,6.51e-05,22.40521404,-16.2956374,22.64,661737.85010102,2023-07-24 12:00:00+00:00,26000,29232.0
2023-07-24,13,BTC-230825-26000-C,BTCUSDT,C,230825-26000,5000.0,5000.0,5000.0,5000.0,0.0,0.0,3485.0,3695.0,1.5,1.5,,0.50510645,3586.0,0.45821548,0.82158043,6.617e-05,22.45779277,-16.20551879,22.64,660735.91565718,2023-07-24 13:00:00+00:00,26000,29180.0
2023-07-24,14,BTC-230825-26000-C,BTCUSDT,C,230825-26000,5000.0,5000.0,5000.0,5000.0,0.0,0.0,3385.0,3550.0,1.5,1.5,,0.49096823,3465.0,0.45493722,0.81388301,6.88e-05,22.93455626,-16.45274026,22.64,657656.84829017,2023-07-24 14:00:00+00:00,26000,29043.38
2023-07-24,15,BTC-230825-26000-C,BTCUSDT,C,230825-26000,5000.0,5000.0,5000.0,5000.0,0.0,0.0,3420.0,3600.0,1.5,1.5,,0.49502373,3507.0,0.45527935,0.81737115,6.787e-05,22.6913135,-16.31192004,22.64,658655.81216701,2023-07-24 15:00:00+00:00,26000,29093.78
2023-07-24,16,BTC-230825-26000-C,BTCUSDT,C,230825-26000,5000.0,5000.0,5000.0,5000.0,0.0,0.0,3455.0,3660.0,1.5,1.5,,0.51552057,3554.0,0.47111392,0.81152342,6.69e-05,23.13548966,-17.23232765,22.64,658977.85994734,2023-07-24 16:00:00+00:00,26000,29107.54
2023-07-24,17,BTC-230825-26000-C,BTCUSDT,C,230825-26000,5000.0,5000.0,5000.0,5000.0,0.0,0.0,3375.0,3570.0,1.5,1.5,,0.50100803,3469.0,0.45850277,0.81253683,6.871e-05,22.98975487,-16.68738113,22.64,657411.71431209,2023-07-24 17:00:00+00:00,26000,29039.74
2023-07-24,18,BTC-230825-26000-C,BTCUSDT,C,230825-26000,5000.0,5000.0,5000.0,5000.0,0.0,0.0,3435.0,3785.0,1.5,3.66,,0.56127548,3601.0,0.48633575,0.80651267,6.59e-05,23.49290267,-18.11165287,22.64,659293.38193401,2023-07-24 18:00:00+00:00,26000,29124.26
2023-07-24,19,BTC-230825-26000-C,BTCUSDT,C,230825-26000,5000.0,5000.0,5000.0,5000.0,0.0,0.0,3440.0,3790.0,1.5,2.77,,0.56576967,3606.0,0.49133301,0.80416023,6.577e-05,23.6449216,-18.44051774,22.64,659140.63408362,2023-07-24 19:00:00+00:00,26000,29117.99
2023-07-24,20,BTC-230825-26000-C,BTCUSDT,C,230825-26000,5000.0,5000.0,5000.0,5000.0,0.0,0.0,3470.0,3675.0,1.5,1.5,,0.50945997,3568.0,0.46402693,0.81788891,6.657e-05,22.61949826,-16.68246743,22.64,659932.11604407,2023-07-24 20:00:00+00:00,26000,29149.15
2023-07-24,21,BTC-230825-26000-C,BTCUSDT,C,230825-26000,5000.0,5000.0,5000.0,5000.0,0.0,0.0,3480.0,3835.0,1.5,2.51,,0.56847811,3648.0,0.49220324,0.80743133,6.496e-05,23.41386271,-18.34117996,22.64,660367.46831638,2023-07-24 21:00:00+00:00,26000,29167.05
2023-07-24,22,BTC-230825-26000-C,BTCUSDT,C,230825-26000,5000.0,5000.0,5000.0,5000.0,0.0,0.0,3490.0,3700.0,1.5,1.5,,0.51662207,3591.0,0.4703033,0.81620816,6.612e-05,22.72857747,-17.03477447,22.64,660196.44177582,2023-07-24 22:00:00+00:00,26000,29161.25
2023-07-24,23,BTC-230825-26000-C,BTCUSDT,C,230825-26000,5000.0,5000.0,5000.0,5000.0,0.0,0.0,3505.0,3715.0,1.5,1.5,,0.51775694,3606.0,0.47130942,0.81699161,6.581e-05,22.66581732,-17.04671704,22.64,660566.96154734,2023-07-24 23:00:00+00:00,26000,29176.5
2023-07-25,0,BTC-230825-26000-C,BTCUSDT,C,230825-26000,5000.0,5000.0,5000.0,5000.0,0.0,0.0,3440.0,3645.0,1.5,1.5,,0.51029682,3539.0,0.46504736,0.81557282,6.721e-05,22.70989319,-16.87537463,22.64,659100.33737153,2023-07-25 00:00:00+00:00,26000,29112.86
2023-07-25,1,BTC-230825-26000-C,BTCUSDT,C,230825-26000,5000.0,5000.0,5000.0,5000.0,0.0,0.0,3415.0,3615.0,1.5,1.5,,0.50914764,3511.0,0.46525478,0.81337872,6.779e-05,22.83591291,-16.99922205,22.64,658379.50465062,2023-07-25 01:00:00+00:00,26000,29081.99
2023-07-25,2,BTC-230825-26000-C,BTCUSDT,C,230825-26000,5000.0,5000.0,5000.0,5000.0,0.0,0.0,3450.0,3655.0,1.5,1.5,,0.50941944,3548.0,0.46383142,0.81753172,6.698e-05,22.54248448,-16.75178983,22.64,659503.00345492,2023-07-25 02:00:00+00:00,26000,29130.0
2023-07-25,3,BTC-230825-26000-C,BTCUSDT,C,230825-26000,5000.0,5000.0,5000.0,5000.0,0.0,0.0,3440.0,3645.0,1.5,1.5,,0.5122757,3539.0,0.467031,0.81492152,6.721e-05,22.7119642,-17.01687827,22.64,659037.31358237,2023-07-25 03:00:00+00:00,26000,29111.0
2023-07-25,4,BTC-230825-26000-C,BTCUSDT,C,230825-26000,5000.0,5000.0,5000.0,5000.0,0.0,0.0,3415.0,3640.0,1.5,1.5,,0.51720381,3523.0,0.46770692,0.81340215,6.754e-05,22.79631808,-17.12769754,22.64,658587.7428922,2023-07-25 04:00:00+00:00,26000,29089.46
2023-07-25,5,BTC-230825-26000-C,BTCUSDT,C,230825-26000,5000.0,5000.0,5000.0,5000.0,0.0,0.0,3470.0,3640.0,1.5,1.5,,0.50499678,3552.0,0.46730995,0.81624932,6.692e-05,22.59382963,-16.98388875,22.64,659593.10070328,2023-07-25 05:00:00+00:00,26000,29128.34
2023-07-25,6,BTC-230825-26000-C,BTCUSDT,C,230825-26000,5000.0,5000.0,5000.0,5000.0,0.0,0.0,3465.0,3670.0,1.5,1.5,,0.51223993,3563.0,0.46649814,0.81787334,6.667e-05,22.46702457,-16.88185963,22.64,659837.6972922,2023-07-25 06:00:00+00:00,26000,29144.67
2023-07-25,7,BTC-230825-26000-C,BTCUSDT,C,230825-26000,5000.0,5000.0,5000.0,5000.0,0.0,0.0,3310.0,3705.0,5.26,5.33,,0.52786112,3489.0,0.4335475,0.83304014,6.793e-05,21.24395278,-14.85525663,22.64,659754.75776701,2023-07-25 07:00:00+00:00,26000,29142.46
2023-07-25,8,BTC-230825-26000-C,BTCUSDT,C,230825-26000,5000.0,5000.0,5000.0,5000.0,0.0,0.0,3510.0,3870.0,1.5,5.98,,0.57949066,3681.0,0.50186157,0.80652019,6.431e-05,23.32780795,-18.90819812,22.64,660924.88004407,2023-07-25 08:00:00+00:00,26000,29191.43
2023-07-25,9,BTC-230825-26000-C,BTCUSDT,C,230825-26000,5000.0,5000.0,5000.0,5000.0,0.0,0.0,3465.0,3820.0,1.5,3.28,,0.56730747,3633.0,0.48975945,0.80996661,6.528e-05,23.03828691,-18.24778608,22.64,660359.05668565,2023-07-25 09:00:00+00:00,26000,29167.31
2023-07-25,10,BTC-230825-26000-C,BTCUSDT,C,230825-26000,5000.0,5000.0,5000.0,5000.0,0.0,0.0,3420.0,4695.0,1.5,4.89,,0.88980913,4004.0,0.64044118,0.76104791,5.709e-05,26.30578737,-27.28308205,22.64,660267.61845266,2023-07-25 10:00:00+00:00,26000,29164.99
2023-07-25,11,BTC-230825-26000-C,BTCUSDT,C,230825-26000,5000.0,5000.0,5000.0,5000.0,0.0,0.0,3440.0,3795.0,1.5,5.87,,0.57046413,3608.0,0.4937017,0.80604033,6.575e-05,23.26526862,-18.6261053,22.64,659449.5954461,2023-07-25 11:00:00+00:00,26000,29128.29
2023-07-25,12,BTC-230825-26000-C,BTCUSDT,C,230825-26000,5000.0,5000.0,5000.0,5000.0,0.0,0.0,3415.0,3765.0,1.5,4.04,,0.56192398,3580.0,0.48545837,0.8088738,6.634e-05,23.03358839,-18.1572571,22.64,659201.83920881,2023-07-25 12:00:00+00:00,26000,29118.0
2023-07-25,13,BTC-230825-26000-C,BTCUSDT,C,230825-26000,5000.0,5000.0,5000.0,5000.0,0.0,0.0,3545.0,3910.0,1.5,4.03,,0.57164669,3716.0,0.48994541,0.81725503,6.363e-05,22.50751341,-17.93081102,22.64,662576.66458893,2023-07-25 13:00:00+00:00,26000,29277.67
2023-07-25,14,BTC-230825-26000-C,BTCUSDT,C,230825-26000,5000.0,5000.0,5000.0,5000.0,0.0,0.0,3470.0,3835.0,1.5,5.28,,0.57184696,3642.0,0.49168348,0.81056539,6.509e-05,22.92452798,-18.35268524,22.64,660691.81243955,2023-07-25 14:00:00+00:00,26000,29177.5
2023-07-25,15,BTC-230825-26000-C,BTCUSDT,C,230825-26000,5000.0,5000.0,5000.0,5000.0,0.0,0.0,3480.0,3840.0,1.5,4.32,,0.57287931,3650.0,0.49392104,0.81007698,6.493e-05,22.94869724,-18.48071765,22.64,660690.96903729,2023-07-25 15:00:00+00:00,26000,29181.51
2023-07-25,16,BTC-230825-26000-C,BTCUSDT,C,230825-26000,5000.0,5000.0,5000.0,5000.0,0.0,0.0,3515.0,3875.0,1.5,3.86,,0.57297707,3685.0,0.49318552,0.81345695,6.426e-05,22.71585085,-18.29081549,22.64,661842.3399209,2023-07-25 16:00:00+00:00,26000,29228.79
2023-07-25,17,BTC-230825-26000-C,BTCUSDT,C,230825-26000,5000.0,5000.0,5000.0,5000.0,0.0,0.0,3545.0,3910.0,1.5,3.41,,0.57281971,3716.0,0.49082279,0.81751843,6.363e-05,22.42713782,-17.99631538,22.64,662582.36688362,2023-07-25 17:00:00+00:00,26000,29275.99
2023-07-25,18,BTC-230825-26000-C,BTCUSDT,C,230825-26000,5000.0,5000.0,5000.0,5000.0,0.0,0.0,3555.0,3920.0,1.5,3.96,,0.5806613,3727.0,0.49978018,0.81334031,6.344e-05,22.72133735,-18.59045521,22.64,662567.85161416,2023-07-25 18:00:00+00:00,26000,29264.01
2023-07-25,19,BTC-230825-26000-C,BTCUSDT,C,230825-26000,5000.0,5000.0,5000.0,5000.0,0.0,0.0,3490.0,3845.0,1.5,3.57,,0.57203531,3658.0,0.4935956,0.81166203,6.479e-05,22.77937215,-18.43244852,22.64,661194.49856,2023-07-25 19:00:00+00:00,26000,29198.83
2023-07-25,20,BTC-230825-26000-C,BTCUSDT,C,230825-26000,5000.0,5000.0,5000.0,5000.0,0.0,0.0,3520.0,3880.0,1.5,5.27,,0.57610035,3690.0,0.49626112,0.81285237,6.416e-05,22.70051075,-18.49309429,22.64,661738.02369888,2023-07-25 20:00:00+00:00,26000,29229.85
2023-07-25,21,BTC-230825-26000-C,BTCUSDT,C,230825-26000,5000.0,5000.0,5000.0,5000.0,0.0,0.0,3520.0,3880.0,1.5,4.92,,0.57673454,3690.0,0.49688339,0.81268992,6.416e-05,22.69656523,-18.53842527,22.64,661731.95126147,2023-07-25 21:00:00+00:00,26000,29228.93
2023-07-25,22,BTC-230825-26000-C,BTCUSDT,C,230825-26000,5000.0,5000.0,5000.0,5000.0,0.0,0.0,3470.0,29365.0,1.5,4.3,,9.9999994,4735.0,0.90088911,0.71814243,4.449e-05,28.45200503,-42.1927436,22.64,661261.51445266,2023-07-25 22:00:00+00:00,26000,29206.46
2023-07-25,23,BTC-230825-26000-C,BTCUSDT,C,230825-26000,5000.0,5000.0,5000.0,5000.0,0.0,0.0,3520.0,29385.0,1.5,4.65,,9.9999994,4773.0,0.90896554,0.71825608,4.408e-05,28.44880902,-42.62468767,22.64,661812.11925266,2023-07-25 23:00:00+00:00,26000,29228.91
2023-07-26,0,BTC-230825-26000-C,BTCUSDT,C,230825-26000,5000.0,5000.0,5000.0,5000.0,0.0,0.0,3325.0,29340.0,1.5,5.19,,9.9999994,4615.0,0.86960979,0.72039541,4.604e-05,28.26489212,-40.57125289,22.64,660402.03785492,2023-07-26 00:00:00+00:00,26000,29166.76
2023-07-26,1,BTC-230825-26000-C,BTCUSDT,C,230825-26000,5000.0,5000.0,5000.0,5000.0,0.0,0.0,3275.0,29295.0,1.5,2.02,,9.9999994,4571.0,0.86363382,0.71963518,4.651e-05,28.24888945,-40.3251026,22.64,659575.5957539,2023-07-26 01:00:00+00:00,26000,29131.01
2023-07-26,2,BTC-230825-26000-C,BTCUSDT,C,230825-26000,5000.0,5000.0,5000.0,5000.0,0.0,0.0,3595.0,3960.0,1.5,5.24,,0.59353113,3768.0,0.51306009,0.8105046,6.268e-05,22.82430968,-19.38246283,22.64,662363.37837356,2023-07-26 02:00:00+00:00,26000,29288.57
2023-07-26,3,BTC-230825-26000-C,BTCUSDT,C,230825-26000,5000.0,5000.0,5000.0,5000.0,0.0,0.0,3535.0,3900.0,1.5,3.22,,0.5828166,3707.0,0.5016005,0.81251434,6.383e-05,22.62694779,-18.81163104,22.64,662199.88523073,2023-07-26 03:00:00+00:00,26000,29242.81
2023-07-26,4,BTC-230825-26000-C,BTCUSDT,C,230825-26000,5000.0,5000.0,5000.0,5000.0,0.0,0.0,3530.0,3890.0,1.5,3.95,,0.5924058,3701.0,0.51410794,0.80509137,6.391e-05,23.12284403,-19.73051154,22.64,661147.47105062,2023-07-26 04:00:00+00:00,26000,29201.19
2023-07-26,5,BTC-230825-26000-C,BTCUSDT,C,230825-26000,5000.0,5000.0,5000.0,5000.0,0.0,0.0,3550.0,3910.0,1.5,3.67,,0.57961464,3719.0,0.49862742,0.8155933,6.358e-05,22.38417246,-18.55073346,22.64,662618.60581107,2023-07-26 05:00:00+00:00,26000,29268.12
2023-07-26,6,BTC-230825-26000-C,BTCUSDT,C,230825-26000,5000.0,5000.0,5000.0,5000.0,0.0,0.0,3495.0,3855.0,1.5,2.34,,0.57791233,3665.0,0.49766541,0.81204942,6.465e-05,22.5850203,-18.706983,22.64,661108.4531252,2023-07-26 06:00:00+00:00,26000,29209.99
2023-07-26,7,BTC-230825-26000-C,BTCUSDT,C,230825-26000,5000.0,5000.0,5000.0,5000.0,0.0,0.0,3390.0,3765.0,2.74,5.58,,0.53733826,3561.0,0.44578552,0.83554788,6.634e-05,20.74695905,-15.41448402,22.64,661459.4975209,2023-07-26 07:00:00+00:00,26000,29216.61
2023-07-26,8,BTC-230825-26000-C,BTCUSDT,C,230825-26000,5000.0,5000.0,5000.0,5000.0,0.0,0.0,3565.0,3925.0,1.5,2.72,,0.60184002,3736.0,0.52385569,0.8032339,6.321e-05,23.20782262,-20.29075685,22.64,661450.77490102,2023-07-26 08:00:00+00:00,26000,29222.66
2023-07-26,9,BTC-230825-26000-C,BTCUSDT,C,230825-26000,5000.0,5000.0,5000.0,5000.0,0.0,0.0,3520.0,3880.0,1.5,3.0,,0.59302807,3691.0,0.51442385,0.80512363,6.41e-05,23.03391607,-19.80366207,22.64,660894.49019774,2023-07-26 09:00:00+00:00,26000,29192.45
2023-07-26,10,BTC-230825-26000-C,BTCUSDT,C,230825-26000,5000.0,5000.0,5000.0,5000.0,0.0,0.0,3520.0,3880.0,1.5,4.75,,0.59325218,3691.0,0.51456332,0.80524601,6.41e-05,23.00955342,-19.81567809,22.64,660995.79051435,2023-07-26 10:00:00+00:00,26000,29192.55
2023-07-26,11,BTC-230825-26000-C,BTCUSDT,C,230825-26000,5000.0,5000.0,5000.0,5000.0,0.0,0.0,3525.0,3880.0,1.5,5.12,,0.59928894,3694.0,0.5226016,0.80119979,6.399e-05,23.26726779,-20.37906161,22.64,660502.0768,2023-07-26 11:00:00+00:00,26000,29175.39
2023-07-26,12,BTC-230825-26000-C,BTCUSDT,C,230825-26000,5000.0,5000.0,5000.0,5000.0,0.0,0.0,3560.0,3920.0,1.5,5.85,,0.59882879,3731.0,0.5200088,0.80576219,6.334e-05,22.96883544,-20.04586065,22.64,661756.6811078,2023-07-26 12:00:00+00:00,26000,29229.13
2023-07-26,13,BTC-230825-26000-C,BTCUSDT,C,230825-26000,5000.0,5000.0,5000.0,5000.0,0.0,0.0,3625.0,3990.0,1.5,3.14,,0.60360432,3798.0,0.52283168,0.80959282,6.212e-05,22.73371858,-19.9763086,22.64,663534.75207028,2023-07-26 13:00:00+00:00,26000,29306.54
2023-07-26,14,BTC-230825-26000-C,BTCUSDT,C,230825-26000,5000.0,5000.0,5000.0,5000.0,0.0,0.0,3595.0,3960.0,1.5,4.39,,0.60360909,3768.0,0.52329779,0.80724234,6.265e-05,22.86021329,-20.13356694,22.64,662543.5007209,2023-07-26 14:00:00+00:00,26000,29267.54
2023-07-26,15,BTC-230825-26000-C,BTCUSDT,C,230825-26000,5000.0,5000.0,5000.0,5000.0,0.0,0.0,3655.0,3875.0,1.5,1.5,,0.55109978,3761.0,0.50090551,0.8194741,6.278e-05,21.97547848,-18.55219221,22.64,663757.78343729,2023-07-26 15:00:00+00:00,26000,29324.0
2023-07-26,16,BTC-230825-26000-C,BTCUSDT,C,230825-26000,5000.0,5000.0,5000.0,5000.0,0.0,0.0,3635.0,4005.0,1.5,2.62,,0.61190367,3811.0,0.53055406,0.80693816,6.187e-05,22.87676469,-20.48498828,22.64,663410.24948565,2023-07-26 16:00:00+00:00,26000,29302.43
2023-07-26,17,BTC-230825-26000-C,BTCUSDT,C,230825-26000,5000.0,5000.0,5000.0,5000.0,0.0,0.0,3595.0,3810.0,1.5,1.5,,0.54264784,3698.0,0.49345613,0.81935604,6.396e-05,21.91291366,-18.2755897,22.64,662337.87976271,2023-07-26 17:00:00+00:00,26000,29268.9
2023-07-26,18,BTC-230825-26000-C,BTCUSDT,C,230825-26000,5000.0,5000.0,5000.0,5000.0,0.0,0.0,3625.0,4000.0,1.5,5.6,,0.58683634,3800.0,0.49938202,0.82391691,6.201e-05,21.62753259,-18.27993793,22.64,664951.25228136,2023-07-26 18:00:00+00:00,26000,29377.5
2023-07-26,19,BTC-230825-26000-C,BTCUSDT,C,230825-26000,5000.0,5000.0,5000.0,5000.0,0.0,0.0,3705.0,3930.0,1.5,1.5,,0.54909229,3812.0,0.49636364,0.82680309,6.173e-05,21.4043407,-18.00734286,22.64,665643.00628565,2023-07-26 19:00:00+00:00,26000,29401.93
2023-07-26,20,BTC-230825-26000-C,BTCUSDT,C,230825-26000,5000.0,5000.0,5000.0,5000.0,0.0,0.0,3880.0,4275.0,1.5,3.6,,0.63306332,4065.0,0.54287672,0.81986018,5.754e-05,22.06565769,-20.33198389,22.64,670011.88440429,2023-07-26 20:00:00+00:00,26000,29578.09
2023-07-26,21,BTC-230825-26000-C,BTCUSDT,C,230825-26000,5000.0,5000.0,5000.0,5000.0,0.0,0.0,3775.0,4155.0,1.5,4.42,,0.62315702,3954.0,0.53750157,0.81494983,5.938e-05,22.33232167,-20.40281016,22.64,667049.80363955,2023-07-26 21:00:00+00:00,26000,29466.0
2023-07-26,22,BTC-230825-26000-C,BTCUSDT,C,230825-26000,5000.0,5000.0,5000.0,5000.0,0.0,0.0,3775.0,4010.0,1.5,1.5,,0.55908203,3887.0,0.50360918,0.82879147,6.037e-05,21.25558727,-18.22043348,22.64,667335.25174508,2023-07-26 22:00:00+00:00,26000,29476.01
2023-07-26,23,BTC-230825-26000-C,BTCUSDT,C,230825-26000,5000.0,5000.0,5000.0,5000.0,0.0,0.0,3665.0,3885.0,1.5,1.5,,0.54824829,3770.0,0.49698114,0.82408209,6.254e-05,21.52018695,-18.23032314,22.64,664513.20062418,2023-07-26 23:00:00+00:00,26000,29351.96
2023-07-27,0,BTC-230825-26000-C,BTCUSDT,C,230825-26000,5000.0,5000.0,5000.0,5000.0,0.0,0.0,3650.0,4020.0,1.5,4.73,,0.60452938,3824.0,0.5205822,0.81508398,6.164e-05,22.19152293,-19.71978477,22.64,664380.92580226,2023-07-27 00:00:00+00:00,26000,29356.09
2023-07-27,1,BTC-230825-26000-C,BTCUSDT,C,230825-26000,5000.0,5000.0,5000.0,5000.0,0.0,0.0,3695.0,4070.0,1.5,4.13,,0.6111455,3872.0,0.52588105,0.81592839,6.08e-05,22.14624558,-19.90818174,22.64,665552.52092316,2023-07-27 01:00:00+00:00,26000,29399.99
2023-07-27,2,BTC-230825-26000-C,BTCUSDT,C,230825-26000,5000.0,5000.0,5000.0,5000.0,0.0,0.0,3730.0,4110.0,1.5,3.82,,0.61549187,3909.0,0.52870393,0.81734643,6.015e-05,22.0530796,-19.9592785,22.64,665784.09826802,2023-07-27 02:00:00+00:00,26000,29437.81
2023-07-27,3,BTC-230825-26000-C,BTCUSDT,C,230825-26000,5000.0,5000.0,5000.0,5000.0,0.0,0.0,3695.0,4070.0,1.5,4.53,,0.60987949,3871.0,0.52409887,0.81729141,6.08e-05,22.01733996,-19.78158597,22.64,665816.00076475,2023-07-27 03:00:00+00:00,26000,29405.78
2023-07-27,4,BTC-230825-26000-C,BTCUSDT,C,230825-26000,5000.0,5000.0,5000.0,5000.0,0.0,0.0,3760.0,4145.0,1.5,5.05,,0.61635494,3940.0,0.52731514,0.82081796,5.958e-05,21.79115255,-19.72669543,22.64,667459.15971864,2023-07-27 04:00:00+00:00,26000,29488.36
2023-07-27,5,BTC-230825-26000-C,BTCUSDT,C,230825-26000,5000.0,5000.0,5000.0,5000.0,0.0,0.0,3740.0,3970.0,1.5,1.5,,0.54856777,3849.0,0.49298286,0.83346884,6.091e-05,20.76808325,-17.60167065,22.64,667096.97196475,2023-07-27 05:00:00+00:00,26000,29460.0
2023-07-27,6,BTC-230825-26000-C,BTCUSDT,C,230825-26000,5000.0,5000.0,5000.0,5000.0,0.0,0.0,3660.0,3885.0,1.5,1.5,,0.53921938,3767.0,0.48492432,0.83223148,6.243e-05,20.79739054,-17.36325344,22.64,665281.94014112,2023-07-27 06:00:00+00:00,26000,29384.01
2023-07-27,7,BTC-230825-26000-C,BTCUSDT,C,230825-26000,5000.0,5000.0,5000.0,5000.0,0.0,0.0,3525.0,3915.0,2.39,4.52,,0.54286957,3695.0,0.43711185,0.85600119,6.26e-05,18.80807492,-14.17453315,22.64,665918.46507303,2023-07-27 07:00:00+00:00,26000,29412.17
2023-07-27,8,BTC-230825-26000-C,BTCUSDT,C,230825-26000,5000.0,5000.0,5000.0,5000.0,0.0,0.0,3725.0,4095.0,1.5,4.05,,0.6013751,3898.0,0.51393151,0.82583343,6.024e-05,21.33278305,-18.92993108,22.64,666997.2141539,2023-07-27 08:00:00+00:00,26000,29470.82
2023-07-27,9,BTC-230825-26000-C,BTCUSDT,C,230825-26000,5000.0,5000.0,5000.0,5000.0,0.0,0.0,3795.0,4185.0,1.5,3.65,,0.61527252,3976.0,0.52286029,0.82683556,5.889e-05,21.2921027,-19.24978186,22.64,668992.40022847,2023-07-27 09:00:00+00:00,26000,29544.02
2023-07-27,10,BTC-230825-26000-C,BTCUSDT,C,230825-26000,5000.0,5000.0,5000.0,5000.0,0.0,0.0,3745.0,4125.0,1.5,2.6,,0.61188459,3923.0,0.52284598,0.82317801,5.985e-05,21.51398585,-19.47791616,22.64,667389.19714282,2023-07-27 10:00:00+00:00,26000,29479.5
2023-07-27,11,BTC-230825-26000-C,BTCUSDT,C,230825-26000,5000.0,5000.0,5000.0,5000.0,0.0,0.0,3775.0,4160.0,1.5,2.88,,0.61770201,3955.0,0.52749753,0.82320439,5.931e-05,21.51690299,-19.68226929,22.64,668060.65476045,2023-07-27 11:00:00+00:00,26000,29507.03
2023-07-27,12,BTC-230825-26000-C,BTCUSDT,C,230825-26000,5000.0,5000.0,5000.0,5000.0,0.0,0.0,3745.0,4125.0,1.5,3.81,,0.60704231,3922.0,0.51665068,0.82691274,5.981e-05,21.20610402,-19.026588,22.64,667907.32722644,2023-07-27 12:00:00+00:00,26000,29496.41
2023-07-27,13,BTC-230825-26000-C,BTCUSDT,C,230825-26000,5000.0,5000.0,5000.0,5000.0,0.0,0.0,3705.0,4080.0,1.5,4.82,,0.6050396,3880.0,0.51657319,0.82411712,6.057e-05,21.37165319,-19.2000324,22.64,666752.1000791,2023-07-27 13:00:00+00:00,26000,29446.02
2023-07-27,14,BTC-230825-26000-C,BTCUSDT,C,230825-26000,5000.0,5000.0,5000.0,5000.0,0.0,0.0,3625.0,3990.0,1.5,3.37,,0.60041666,3796.0,0.51571488,0.81855205,6.213e-05,21.70627888,-19.49651073,22.64,664439.1479209,2023-07-27 14:00:00+00:00,26000,29350.0
2023-07-27,15,BTC-230825-26000-C,BTCUSDT,C,230825-26000,5000.0,5000.0,5000.0,5000.0,0.0,0.0,3560.0,3925.0,1.5,5.45,,0.58979988,3731.0,0.50438404,0.82011582,6.333e-05,21.5370064,-18.94694988,22.64,663383.4944791,2023-07-27 15:00:00+00:00,26000,29292.01
2023-07-27,16,BTC-230825-26000-C,BTCUSDT,C,230825-26000,5000.0,5000.0,5000.0,5000.0,0.0,0.0,3560.0,3920.0,1.5,4.7,,0.59737206,3730.0,0.51470399,0.81440475,6.339e-05,21.92451862,-19.7111487,22.64,662989.15046147,2023-07-27 16:00:00+00:00,26000,29274.93
2023-07-27,17,BTC-230825-26000-C,BTCUSDT,C,230825-26000,5000.0,5000.0,5000.0,5000.0,0.0,0.0,3495.0,3855.0,1.5,2.8,,0.58718681,3664.0,0.50395131,0.81556873,6.465e-05,21.78545853,-19.20490836,22.64,661544.39254508,2023-07-27 17:00:00+00:00,26000,29220.0
2023-07-27,18,BTC-230825-26000-C,BTCUSDT,C,230825-26000,5000.0,5000.0,5000.0,5000.0,0.0,0.0,3440.0,3790.0,1.5,4.64,,0.58632374,3605.0,0.50683022,0.80941881,6.583e-05,22.15533443,-19.6712205,22.64,659755.81761763,2023-07-27 18:00:00+00:00,26000,29141.37
2023-07-27,19,BTC-230825-26000-C,BTCUSDT,C,230825-26000,5000.0,5000.0,5000.0,5000.0,0.0,0.0,3450.0,3800.0,1.5,5.5,,0.58368683,3615.0,0.50339699,0.81238211,6.564e-05,21.94317944,-19.37916833,22.64,660429.22078237,2023-07-27 19:00:00+00:00,26000,29163.83
2023-07-27,20,BTC-230825-26000-C,BTCUSDT,C,230825-26000,5000.0,5000.0,5000.0,5000.0,0.0,0.0,3435.0,3780.0,1.5,3.81,,0.58210135,3598.0,0.50313473,0.81135714,6.598e-05,21.98635398,-19.43559658,22.64,659743.57460226,2023-07-27 20:00:00+00:00,26000,29144.56
2023-07-27,21,BTC-230825-26000-C,BTCUSDT,C,230825-26000,5000.0,5000.0,5000.0,5000.0,0.0,0.0,3490.0,3840.0,1.5,2.59,,0.59328079,3656.0,0.5135262,0.8102796,6.483e-05,22.08058023,-19.95123496,22.64,660867.84714734,2023-07-27 21:00:00+00:00,26000,29187.15
2023-07-27,22,BTC-230825-26000-C,BTCUSDT,C,230825-26000,5000.0,5000.0,5000.0,5000.0,0.0,0.0,3265.0,3690.0,3.83,2.3,,0.52402496,3440.0,0.40085077,0.86328754,6.71e-05,17.83150575,-12.59518933,22.64,661152.62351638,2023-07-27 22:00:00+00:00,26000,29202.29
2023-07-27,23,BTC-230825-26000-C,BTCUSDT,C,230825-26000,5000.0,5000.0,5000.0,5000.0,0.0,0.0,3500.0,3855.0,1.5,2.91,,0.58913708,3667.0,0.50675392,0.81545906,6.46e-05,21.6994139,-19.40516223,22.64,661631.45951638,2023-07-27 23:00:00+00:00,26000,29222.78
2023-07-28,0,BTC-230825-26000-C,BTCUSDT,C,230825-26000,5000.0,5000.0,5000.0,5000.0,0.0,0.0,3485.0,29415.0,1.5,2.75,,9.9999994,4681.0,0.89571543,0.72584803,4.564e-05,27.15341724,-42.98390241,22.64,662881.92145062,2023-07-28 00:00:00+00:00,26000,29273.0
2023-07-28,1,BTC-230825-26000-C,BTCUSDT,C,230825-26000,5000.0,5000.0,5000.0,5000.0,0.0,0.0,3480.0,29420.0,1.5,2.06,,9.9999994,4676.0,0.89702911,0.7252935,4.567e-05,27.15094573,-43.10651117,22.64,662624.58675164,2023-07-28 01:00:00+00:00,26000,29260.75
2023-07-28,2,BTC-230825-26000-C,BTCUSDT,C,230825-26000,5000.0,5000.0,5000.0,5000.0,0.0,0.0,3420.0,29375.0,1.5,3.38,,9.9999994,4625.0,0.88815517,0.72497209,4.624e-05,27.1148988,-42.68637126,22.64,661728.02036045,2023-07-28 02:00:00+00:00,26000,29229.99
2023-07-28,3,BTC-230825-26000-C,BTCUSDT,C,230825-26000,5000.0,5000.0,5000.0,5000.0,0.0,0.0,3450.0,29385.0,1.5,2.88,,9.9999994,4648.0,0.89083023,0.7258449,4.602e-05,27.07526529,-42.81560043,22.64,662319.05373198,2023-07-28 03:00:00+00:00,26000,29253.85
2023-07-28,4,BTC-230825-26000-C,BTCUSDT,C,230825-26000,5000.0,5000.0,5000.0,5000.0,0.0,0.0,3520.0,3875.0,1.5,5.9,,0.58755636,3686.0,0.50368905,0.81979248,6.419e-05,21.32755975,-19.09769583,22.64,662430.93265062,2023-07-28 04:00:00+00:00,26000,29260.0
2023-07-28,5,BTC-230825-26000-C,BTCUSDT,C,230825-26000,5000.0,5000.0,5000.0,5000.0,0.0,0.0,3465.0,3855.0,1.5,2.31,,0.60437202,3648.0,0.51467657,0.81075303,6.497e-05,21.91399014,-20.080616,22.64,660612.84610983,2023-07-28 05:00:00+00:00,26000,29185.99
2023-07-28,6,BTC-230825-26000-C,BTCUSDT,C,230825-26000,5000.0,5000.0,5000.0,5000.0,0.0,0.0,3465.0,3845.0,1.5,5.13,,0.59889078,3643.0,0.51088572,0.81272809,6.507e-05,21.76040793,-19.82242553,22.64,660904.73293198,2023-07-28 06:00:00+00:00,26000,29190.01
2023-07-28,7,BTC-230825-26000-C,BTCUSDT,C,230825-26000,5000.0,5000.0,5000.0,5000.0,0.0,0.0,3295.0,3845.0,4.33,5.13,,0.61521292,3540.0,0.48172355,0.82158787,6.711e-05,21.06087008,-18.11698722,22.64,659811.93768472,2023-07-28 07:00:00+00:00,26000,29140.8
2023-07-28,8,BTC-230825-26000-C,BTCUSDT,C,230825-26000,5000.0,5000.0,5000.0,5000.0,0.0,0.0,3410.0,3760.0,1.5,3.2,,0.57636976,3574.0,0.49381614,0.81740722,6.645e-05,21.36130534,-18.86477423,22.64,659939.14784944,2023-07-28 08:00:00+00:00,26000,29152.0
2023-07-28,9,BTC-230825-26000-C,BTCUSDT,C,230825-26000,5000.0,5000.0,5000.0,5000.0,0.0,0.0,3480.0,3655.0,1.5,3.2,,0.50787687,3564.0,0.46421647,0.83450598,6.631e-05,20.09468531,-16.70736722,22.64,661354.25971775,2023-07-28 09:00:00+00:00,26000,29213.94
2023-07-28,10,BTC-230825-26000-C,BTCUSDT,C,230825-26000,5000.0,5000.0,5000.0,5000.0,0.0,0.0,3475.0,3655.0,1.5,3.2,,0.50652504,3561.0,0.46125889,0.83630735,6.631e-05,19.94087999,-16.49848308,22.64,661515.3387078,2023-07-28 10:00:00+00:00,26000,29218.91
2023-07-28,11,BTC-230825-26000-C,BTCUSDT,C,230825-26000,5000.0,5000.0,5000.0,5000.0,0.0,0.0,3460.0,3655.0,1.5,3.2,,0.51109791,3553.0,0.46217442,0.83531434,6.651e-05,19.99672054,-16.60233914,22.64,661314.59903299,2023-07-28 11:00:00+00:00,26000,29206.59
2023-07-28,12,BTC-230825-26000-C,BTCUSDT,C,230825-26000,5000.0,5000.0,5000.0,5000.0,0.0,0.0,3565.0,3745.0,1.5,3.2,,0.51588058,3651.0,0.47033072,0.83825241,6.443e-05,19.8160737,-16.76780372,22.64,663638.93587684,2023-07-28 12:00:00+00:00,26000,29306.01
2023-07-28,13,BTC-230825-26000-C,BTCUSDT,C,230825-26000,5000.0,5000.0,5000.0,5000.0,0.0,0.0,3530.0,3900.0,1.5,3.2,,0.59085369,3702.0,0.50143719,0.82422621,6.383e-05,20.87863367,-18.86363779,22.64,663201.21262418,2023-07-28 13:00:00+00:00,26000,29293.41
2023-07-28,14,BTC-230825-26000-C,BTCUSDT,C,230825-26000,5000.0,5000.0,5000.0,5000.0,0.0,0.0,3715.0,3915.0,1.5,1.5,,0.52705526,3809.0,0.47452092,0.8479898,6.102e-05,19.11091294,-16.36425426,22.64,667247.92105492,2023-07-28 14:00:00+00:00,26000,29487.41
2023-07-28,15,BTC-230825-26000-C,BTCUSDT,C,230825-26000,5000.0,5000.0,5000.0,5000.0,0.0,0.0,3630.0,3890.0,1.5,1.5,,0.55398464,3752.0,0.48870087,0.83578859,6.259e-05,20.02129509,-17.68268705,22.64,665089.54785062,2023-07-28 15:00:00+00:00,26000,29387.99
2023-07-28,16,BTC-230825-26000-C,BTCUSDT,C,230825-26000,5000.0,5000.0,5000.0,5000.0,0.0,0.0,3605.0,3900.0,1.5,1.5,,0.5683732,3743.0,0.49532294,0.83152001,6.289e-05,20.32256745,-18.21942026,22.64,664733.03004836,2023-07-28 16:00:00+00:00,26000,29361.41
2023-07-28,17,BTC-230825-26000-C,BTCUSDT,C,230825-26000,5000.0,5000.0,5000.0,5000.0,0.0,0.0,3500.0,3785.0,1.5,1.5,,0.55374146,3634.0,0.48319817,0.83034481,6.502e-05,20.32771968,-17.80479652,22.64,662387.02460225,2023-07-28 17:00:00+00:00,26000,29259.36
2023-07-28,18,BTC-230825-26000-C,BTCUSDT,C,230825-26000,5000.0,5000.0,5000.0,5000.0,0.0,0.0,3560.0,3785.0,1.5,1.5,,0.53584576,3666.0,0.47921658,0.83545062,6.423e-05,19.95000326,-17.35619043,22.64,663570.52927056,2023-07-28 18:00:00+00:00,26000,29309.15
2023-07-28,19,BTC-230825-26000-C,BTCUSDT,C,230825-26000,5000.0,5000.0,5000.0,5000.0,0.0,0.0,3555.0,3785.0,1.5,1.5,,0.53241014,3663.0,0.47371507,0.83868453,6.416e-05,19.68613769,-16.95566565,22.64,663615.05815528,2023-07-28 19:00:00+00:00,26000,29316.0
2023-07-28,20,BTC-230825-26000-C,BTCUSDT,C,230825-26000,5000.0,5000.0,5000.0,5000.0,0.0,0.0,3425.0,3935.0,5.15,3.2,,0.59319019,3640.0,0.45324326,0.84945757,6.408e-05,18.80768875,-15.52252714,22.64,664258.9157836,2023-07-28 20:00:00+00:00,26000,29338.48
2023-07-28,21,BTC-230825-26000-C,BTCUSDT,C,230825-26000,5000.0,5000.0,5000.0,5000.0,0.0,0.0,3550.0,3790.0,1.5,1.5,,0.53726673,3663.0,0.47616005,0.83762863,6.421e-05,19.73694608,-17.13910259,22.64,663720.78162832,2023-07-28 21:00:00+00:00,26000,29313.77
2023-07-28,22,BTC-230825-26000-C,BTCUSDT,C,230825-26000,5000.0,5000.0,5000.0,5000.0,0.0,0.0,3520.0,3790.0,1.5,1.5,,0.5456543,3646.0,0.4771781,0.83596308,6.46e-05,19.83868511,-17.29056073,22.64,663239.21284697,2023-07-28 22:00:00+00:00,26000,29292.0
2023-07-28,23,BTC-230825-26000-C,BTCUSDT,C,230825-26000,5000.0,5000.0,5000.0,5000.0,0.0,0.0,3550.0,3790.0,1.5,1.5,,0.53849697,3663.0,0.47736287,0.83734887,6.422e-05,19.72828424,-17.22721907,22.64,663663.76611775,2023-07-28 23:00:00+00:00,26000,29314.14
2023-07-29,0,BTC-230825-26000-C,BTCUSDT,C,230825-26000,5000.0,5000.0,5000.0,5000.0,0.0,0.0,3565.0,3790.0,1.5,1.5,,0.534091,3671.0,0.47647357,0.83871514,6.401e-05,19.61371303,-17.12136532,22.64,663998.6463436,2023-07-29 00:00:00+00:00,26000,29325.84
2023-07-29,1,BTC-230825-26000-C,BTCUSDT,C,230825-26000,5000.0,5000.0,5000.0,5000.0,0.0,0.0,3615.0,3830.0,1.5,1.5,,0.53286791,3716.0,0.47714591,0.84195739,6.301e-05,19.3750879,-16.96282574,22.64,665087.78482832,2023-07-29 01:00:00+00:00,26000,29382.08
2023-07-29,2,BTC-230825-26000-C,BTCUSDT,C,230825-26000,5000.0,5000.0,5000.0,5000.0,0.0,0.0,3440.0,3795.0,3.2,7.47,,0.51680088,3586.0,0.40504694,0.87699815,6.265e-05,16.32679263,-12.15273736,22.64,665137.78460225,2023-07-29 02:00:00+00:00,26000,29379.08
2023-07-29,3,BTC-230825-26000-C,BTCUSDT,C,230825-26000,5000.0,5000.0,5000.0,5000.0,0.0,0.0,3615.0,3795.0,1.5,3.2,,0.51995754,3700.0,0.47294378,0.84366111,6.323e-05,19.20304489,-16.71525796,22.64,664988.69088,2023-07-29 03:00:00+00:00,26000,29371.89
2023-07-29,4,BTC-230825-26000-C,BTCUSDT,C,230825-26000,5000.0,5000.0,5000.0,5000.0,0.0,0.0,3620.0,3860.0,1.5,3.2,,0.54743052,3733.0,0.48586011,0.8387663,6.284e-05,19.58649238,-17.54155073,22.64,665200.55886577,2023-07-29 04:00:00+00:00,26000,29380.91
2023-07-29,5,BTC-230825-26000-C,BTCUSDT,C,230825-26000,5000.0,5000.0,5000.0,5000.0,0.0,0.0,3415.0,3775.0,3.54,3.2,,0.51166058,3558.0,0.39301157,0.88339025,6.234e-05,15.68313653,-11.37904888,22.64,664950.90844564,2023-07-29 05:00:00+00:00,26000,29370.42
2023-07-29,6,BTC-230825-26000-C,BTCUSDT,C,230825-26000,5000.0,5000.0,5000.0,5000.0,0.0,0.0,3570.0,3775.0,1.5,3.2,,0.52114964,3667.0,0.46700478,0.84527743,6.38e-05,19.01219001,-16.41685005,22.64,664430.95048472,2023-07-29 06:00:00+00:00,26000,29345.29
2023-07-29,7,BTC-230825-26000-C,BTCUSDT,C,230825-26000,5000.0,5000.0,5000.0,5000.0,0.0,0.0,3415.0,3775.0,3.54,5.22,,0.54196358,3574.0,0.44160128,0.85393676,6.51e-05,18.24937421,-14.92396942,22.64,663239.42326584,2023-07-29 07:00:00+00:00,26000,29295.01
2023-07-29,8,BTC-230825-26000-C,BTCUSDT,C,230825-26000,5000.0,5000.0,5000.0,5000.0,0.0,0.0,3375.0,3760.0,3.34,2.98,,0.53516388,3538.0,0.4213953,0.86417728,6.499e-05,17.35821009,-13.56661213,22.64,663134.3869836,2023-07-29 08:00:00+00:00,26000,29295.44
2023-07-29,9,BTC-230825-26000-C,BTCUSDT,C,230825-26000,5000.0,5000.0,5000.0,5000.0,0.0,0.0,3505.0,3780.0,1.5,3.2,,0.5503273,3634.0,0.48002005,0.83567922,6.486e-05,19.68557999,-17.5531931,22.64,662887.57103056,2023-07-29 09:00:00+00:00,26000,29282.0
2023-07-29,10,BTC-230825-26000-C,BTCUSDT,C,230825-26000,5000.0,5000.0,5000.0,5000.0,0.0,0.0,3495.0,3845.0,1.5,3.2,,0.58024168,3657.0,0.4921639,0.83062236,6.456e-05,20.0587003,-18.36681646,22.64,662913.16488472,2023-07-29 10:00:00+00:00,26000,29282.01
2023-07-29,11,BTC-230825-26000-C,BTCUSDT,C,230825-26000,5000.0,5000.0,5000.0,5000.0,0.0,0.0,3330.0,3845.0,2.7,3.2,,0.58552265,3541.0,0.4377532,0.8546671,6.571e-05,18.11467995,-14.77594231,22.64,662637.30847056,2023-07-29 11:00:00+00:00,26000,29267.16
2023-07-29,12,BTC-230825-26000-C,BTCUSDT,C,230825-26000,5000.0,5000.0,5000.0,5000.0,0.0,0.0,3340.0,3845.0,3.2,3.2,,0.57635307,3540.0,0.42453289,0.86317387,6.503e-05,17.3911348,-13.77873506,22.64,662973.33934112,2023-07-29 12:00:00+00:00,26000,29294.01
2023-07-29,13,BTC-230825-26000-C,BTCUSDT,C,230825-26000,5000.0,5000.0,5000.0,5000.0,0.0,0.0,3375.0,3845.0,5.16,3.2,,0.57693481,3573.0,0.44354439,0.85392843,6.512e-05,18.16477537,-15.05959007,22.64,663216.34644697,2023-07-29 13:00:00+00:00,26000,29293.98
2023-07-29,14,BTC-230825-26000-C,BTCUSDT,C,230825-26000,5000.0,5000.0,5000.0,5000.0,0.0,0.0,3375.0,3725.0,5.16,3.2,,0.52567005,3525.0,0.42232513,0.86392831,6.525e-05,17.29217649,-13.6716086,22.64,662976.8552,2023-07-29 14:00:00+00:00,26000,29282.74
2023-07-29,15,BTC-230825-26000-C,BTCUSDT,C,230825-26000,5000.0,5000.0,5000.0,5000.0,0.0,0.0,3375.0,3725.0,5.16,3.2,,0.52204132,3524.0,0.41637659,0.86781207,6.491e-05,16.94430248,-13.2285147,22.64,663195.14511776,2023-07-29 15:00:00+00:00,26000,29292.34
2023-07-29,16,BTC-230825-26000-C,BTCUSDT,C,230825-26000,5000.0,5000.0,5000.0,5000.0,0.0,0.0,3375.0,3725.0,5.16,3.2,,0.51671267,3521.0,0.4073298,0.87362561,6.433e-05,16.41945961,-12.55987278,22.64,663529.60680472,2023-07-29 16:00:00+00:00,26000,29308.46
2023-07-29,17,BTC-230825-26000-C,BTCUSDT,C,230825-26000,5000.0,5000.0,5000.0,5000.0,0.0,0.0,3375.0,3725.0,5.16,3.2,,0.50972939,3515.0,0.39446115,0.88182481,6.339e-05,15.66162318,-11.61987325,22.64,663949.76791528,2023-07-29 17:00:00+00:00,26000,29325.57
2023-07-29,18,BTC-230825-26000-C,BTCUSDT,C,230825-26000,5000.0,5000.0,5000.0,5000.0,0.0,0.0,3375.0,3725.0,5.16,3.2,,0.51771402,3521.0,0.40829301,0.87342467,6.435e-05,16.41163345,-12.62308122,22.64,663518.62507303,2023-07-29 18:00:00+00:00,26000,29307.51
2023-07-29,19,BTC-230825-26000-C,BTCUSDT,C,230825-26000,5000.0,5000.0,5000.0,5000.0,0.0,0.0,3375.0,3725.0,5.16,3.2,,0.50553799,3511.0,0.38506269,0.88804719,6.256e-05,15.05319522,-10.93664412,22.64,664226.83090832,2023-07-29 19:00:00+00:00,26000,29338.02
2023-07-29,20,BTC-230825-26000-C,BTCUSDT,C,230825-26000,5000.0,5000.0,5000.0,5000.0,0.0,0.0,3375.0,3775.0,5.16,3.2,,0.52366972,3519.0,0.38032413,0.89189402,6.178e-05,14.67726594,-10.54888042,22.64,664612.41408,2023-07-29 20:00:00+00:00,26000,29355.23
2023-07-29,21,BTC-230825-26000-C,BTCUSDT,C,230825-26000,5000.0,5000.0,5000.0,5000.0,0.0,0.0,3375.0,3775.0,5.16,3.2,,0.52607536,3522.0,0.38623333,0.88849801,6.226e-05,14.99241232,-10.96006333,22.64,664540.58401888,2023-07-29 21:00:00+00:00,26000,29348.09
2023-07-29,22,BTC-230825-26000-C,BTCUSDT,C,230825-26000,5000.0,5000.0,5000.0,5000.0,0.0,0.0,3375.0,3775.0,5.16,3.2,,0.52578449,3521.0,0.384624,0.88965691,6.21e-05,14.86977,-10.84221416,22.64,664588.32512,2023-07-29 22:00:00+00:00,26000,29352.36
2023-07-29,23,BTC-230825-26000-C,BTCUSDT,C,230825-26000,5000.0,5000.0,5000.0,5000.0,0.0,0.0,3375.0,3775.0,5.16,3.2,,0.52593708,3521.0,0.38419008,0.89010325,6.204e-05,14.81521375,-10.80732093,22.64,664585.55408362,2023-07-29 23:00:00+00:00,26000,29352.9
2023-07-30,0,BTC-230825-26000-C,BTCUSDT,C,230825-26000,5000.0,5000.0,5000.0,5000.0,0.0,0.0,3585.0,3945.0,1.5,5.18,,0.6074667,3752.0,0.51743388,0.82683098,6.283e-05,20.168907,-19.8467282,22.64,664424.68071209,2023-07-30 00:00:00+00:00,26000,29348.83
2023-07-30,1,BTC-230825-26000-C,BTCUSDT,C,230825-26000,5000.0,5000.0,5000.0,5000.0,0.0,0.0,3565.0,3770.0,1.5,3.2,,0.5346632,3662.0,0.48066378,0.84102002,6.409e-05,19.05613498,-17.44683765,22.64,663984.13865492,2023-07-30 01:00:00+00:00,26000,29326.73
2023-07-30,2,BTC-230825-26000-C,BTCUSDT,C,230825-26000,5000.0,5000.0,5000.0,5000.0,0.0,0.0,3560.0,3765.0,1.5,1.5,,0.53814173,3657.0,0.48461914,0.83857285,6.429e-05,19.22300425,-17.77265187,22.64,663652.40543299,2023-07-30 02:00:00+00:00,26000,29313.34
2023-07-30,3,BTC-230825-26000-C,BTCUSDT,C,230825-26000,5000.0,5000.0,5000.0,5000.0,0.0,0.0,3525.0,3735.0,1.5,1.5,,0.52296162,3624.0,0.46602011,0.84717962,6.453e-05,18.52953111,-16.50024889,22.64,663715.92680429,2023-07-30 03:00:00+00:00,26000,29314.92
2023-07-30,4,BTC-230825-26000-C,BTCUSDT,C,230825-26000,5000.0,5000.0,5000.0,5000.0,0.0,0.0,3530.0,3735.0,1.5,1.5,,0.5202055,3626.0,0.46423435,0.84866819,6.44e-05,18.39970346,-16.34788637,22.64,663907.00591638,2023-07-30 04:00:00+00:00,26000,29325.31
2023-07-30,5,BTC-230825-26000-C,BTCUSDT,C,230825-26000,5000.0,5000.0,5000.0,5000.0,0.0,0.0,3540.0,3895.0,1.5,2.84,,0.59983253,3705.0,0.51003695,0.82842023,6.369e-05,19.94739166,-19.50268792,22.64,663662.91686147,2023-07-30 05:00:00+00:00,26000,29312.94
2023-07-30,6,BTC-230825-26000-C,BTCUSDT,C,230825-26000,5000.0,5000.0,5000.0,5000.0,0.0,0.0,3485.0,3645.0,1.5,1.5,,0.49084663,3560.0,0.4457581,0.85531837,6.526e-05,17.80388905,-15.23755067,22.64,663063.53405718,2023-07-30 06:00:00+00:00,26000,29286.98
2023-07-30,7,BTC-230825-26000-C,BTCUSDT,C,230825-26000,5000.0,5000.0,5000.0,5000.0,0.0,0.0,3355.0,3710.0,4.36,3.2,,0.52105665,3501.0,0.40752053,0.87518812,6.454e-05,16.07782546,-12.600079,22.64,663271.23242192,2023-07-30 07:00:00+00:00,26000,29294.31
2023-07-30,8,BTC-230825-26000-C,BTCUSDT,C,230825-26000,5000.0,5000.0,5000.0,5000.0,0.0,0.0,3350.0,3705.0,5.16,5.4,,0.51723957,3493.0,0.40060043,0.87930522,6.417e-05,15.69371442,-12.10961026,22.64,663277.35517356,2023-07-30 08:00:00+00:00,26000,29292.52
2023-07-30,9,BTC-230825-26000-C,BTCUSDT,C,230825-26000,5000.0,5000.0,5000.0,5000.0,0.0,0.0,3350.0,3730.0,5.16,3.2,,0.5375433,3509.0,0.4205966,0.86779568,6.522e-05,16.69773812,-13.549213,22.64,662892.81850554,2023-07-30 09:00:00+00:00,26000,29278.0
2023-07-30,10,BTC-230825-26000-C,BTCUSDT,C,230825-26000,5000.0,5000.0,5000.0,5000.0,0.0,0.0,3440.0,3715.0,1.5,3.2,,0.53236246,3566.0,0.45584798,0.85044059,6.549e-05,18.1383897,-15.97747745,22.64,662573.18897582,2023-07-30 10:00:00+00:00,26000,29278.32
2023-07-30,11,BTC-230825-26000-C,BTCUSDT,C,230825-26000,5000.0,5000.0,5000.0,5000.0,0.0,0.0,3365.0,3750.0,4.41,3.2,,0.53492308,3520.0,0.41072249,0.87538946,6.413e-05,16.01824225,-12.73364412,22.64,663649.66624181,2023-07-30 11:00:00+00:00,26000,29314.0
2023-07-30,12,BTC-230825-26000-C,BTCUSDT,C,230825-26000,5000.0,5000.0,5000.0,5000.0,0.0,0.0,3365.0,3750.0,4.41,3.2,,0.53108215,3516.0,0.40260315,0.88051067,6.355e-05,15.54612243,-12.13359944,22.64,663913.7232791,2023-07-30 12:00:00+00:00,26000,29324.01
2023-07-30,13,BTC-230825-26000-C,BTCUSDT,C,230825-26000,5000.0,5000.0,5000.0,5000.0,0.0,0.0,3500.0,3725.0,1.5,3.2,,0.53375244,3605.0,0.47303438,0.84386686,6.507e-05,18.62573927,-17.10798273,22.64,663024.72511638,2023-07-30 13:00:00+00:00,26000,29287.91
2023-07-30,14,BTC-230825-26000-C,BTCUSDT,C,230825-26000,5000.0,5000.0,5000.0,5000.0,0.0,0.0,3480.0,3845.0,2.15,3.2,,0.551157,3636.0,0.44044971,0.86593261,6.29e-05,16.85556857,-14.43895045,22.64,665236.28988136,2023-07-30 14:00:00+00:00,26000,29391.81
2023-07-30,15,BTC-230825-26000-C,BTCUSDT,C,230825-26000,5000.0,5000.0,5000.0,5000.0,0.0,0.0,3480.0,3845.0,2.15,3.2,,0.56814194,3642.0,0.46508551,0.85179666,6.39e-05,18.00084056,-16.30894728,22.64,664445.3378461,2023-07-30 15:00:00+00:00,26000,29349.37
2023-07-30,16,BTC-230825-26000-C,BTCUSDT,C,230825-26000,5000.0,5000.0,5000.0,5000.0,0.0,0.0,3415.0,3790.0,5.57,3.2,,0.52939415,3559.0,0.39908886,0.88662989,6.184e-05,14.95751155,-11.64755811,22.64,665025.4268922,2023-07-30 16:00:00+00:00,26000,29380.02
2023-07-30,17,BTC-230825-26000-C,BTCUSDT,C,230825-26000,5000.0,5000.0,5000.0,5000.0,0.0,0.0,3415.0,3790.0,5.57,3.2,,0.5227232,3548.0,0.38114309,0.89751299,6.023e-05,13.90552939,-10.35829463,22.64,665541.01930554,2023-07-30 17:00:00+00:00,26000,29396.52
2023-07-30,18,BTC-230825-26000-C,BTCUSDT,C,230825-26000,5000.0,5000.0,5000.0,5000.0,0.0,0.0,3415.0,3790.0,5.57,3.2,,0.54021835,3568.0,0.41948795,0.87483315,6.325e-05,16.00073759,-13.13953726,22.64,664611.14723525,2023-07-30 18:00:00+00:00,26000,29355.99
2023-07-30,19,BTC-230825-26000-C,BTCUSDT,C,230825-26000,5000.0,5000.0,5000.0,5000.0,0.0,0.0,3385.0,3570.0,1.5,3.2,,0.49484253,3472.0,0.44239759,0.85340611,6.724e-05,17.72097587,-15.37198733,22.64,660851.52395593,2023-07-30 19:00:00+00:00,26000,29202.28
2023-07-30,20,BTC-230825-26000-C,BTCUSDT,C,230825-26000,5000.0,5000.0,5000.0,5000.0,0.0,0.0,3310.0,3645.0,5.32,3.2,,0.50471306,3442.0,0.38883209,0.88577992,6.427e-05,14.9311364,-11.40236145,22.64,662709.82261989,2023-07-30 20:00:00+00:00,26000,29270.96
2023-07-30,21,BTC-230825-26000-C,BTCUSDT,C,230825-26000,5000.0,5000.0,5000.0,5000.0,0.0,0.0,3270.0,3645.0,2.46,3.2,,0.52719116,3423.0,0.40671825,0.87282999,6.644e-05,16.06146167,-12.85079346,22.64,661535.29922644,2023-07-30 21:00:00+00:00,26000,29213.87
2023-07-30,22,BTC-230825-26000-C,BTCUSDT,C,230825-26000,5000.0,5000.0,5000.0,5000.0,0.0,0.0,3290.0,3645.0,1.5,3.2,,0.55086136,3448.0,0.45185804,0.84636516,6.82e-05,18.2110831,-16.21442488,22.64,660042.04692746,2023-07-30 22:00:00+00:00,26000,29156.0
2023-07-30,23,BTC-230825-26000-C,BTCUSDT,C,230825-26000,5000.0,5000.0,5000.0,5000.0,0.0,0.0,3395.0,3660.0,1.5,3.2,,0.50840855,3513.0,0.42756557,0.866764,6.524e-05,16.59784176,-14.00657074,22.64,662889.30308565,2023-07-30 23:00:00+00:00,26000,29281.09
2023-07-31,0,BTC-230825-26000-C,BTCUSDT,C,230825-26000,5000.0,5000.0,5000.0,5000.0,0.0,0.0,3695.0,4070.0,1.5,2.08,,0.6357193,3869.0,0.53960562,0.82910687,6.068e-05,19.69009903,-21.0047114,22.64,666773.99370554,2023-07-31 00:00:00+00:00,26000,29461.54
2023-07-31,1,BTC-230825-26000-C,BTCUSDT,C,230825-26000,5000.0,5000.0,5000.0,5000.0,0.0,0.0,3635.0,4005.0,1.5,4.19,,0.60977459,3804.0,0.51033497,0.84026,6.148e-05,18.82693911,-19.02582372,22.64,666712.08201311,2023-07-31 01:00:00+00:00,26000,29451.99
2023-07-31,2,BTC-230825-26000-C,BTCUSDT,C,230825-26000,5000.0,5000.0,5000.0,5000.0,0.0,0.0,3640.0,4010.0,1.5,3.64,,0.60792208,3808.0,0.50752997,0.84235275,6.132e-05,18.6573372,-18.7817921,22.64,667074.27723073,2023-07-31 02:00:00+00:00,26000,29464.53
2023-07-31,3,BTC-230825-26000-C,BTCUSDT,C,230825-26000,5000.0,5000.0,5000.0,5000.0,0.0,0.0,3610.0,3870.0,1.5,3.2,,0.55899382,3730.0,0.48677564,0.84849677,6.242e-05,18.13026499,-17.53384217,22.64,666013.63303729,2023-07-31 03:00:00+00:00,26000,29421.99
2023-07-31,4,BTC-230825-26000-C,BTCUSDT,C,230825-26000,5000.0,5000.0,5000.0,5000.0,0.0,0.0,3595.0,3870.0,1.5,3.2,,0.56474686,3722.0,0.48870802,0.84701088,6.266e-05,18.22485828,-17.72463739,22.64,665764.90900226,2023-07-31 04:00:00+00:00,26000,29404.0
2023-07-31,5,BTC-230825-26000-C,BTCUSDT,C,230825-26000,5000.0,5000.0,5000.0,5000.0,0.0,0.0,3445.0,3870.0,1.5,7.92,,0.57473183,3620.0,0.44221878,0.86698534,6.31e-05,16.55292867,-14.59138715,22.64,665158.16446599,2023-07-31 05:00:00+00:00,26000,29380.02
2023-07-31,6,BTC-230825-26000-C,BTCUSDT,C,230825-26000,5000.0,5000.0,5000.0,5000.0,0.0,0.0,3560.0,3870.0,1.5,3.2,,0.56291103,3700.0,0.47384977,0.85434967,6.263e-05,17.6112562,-16.66240114,22.64,665754.36025492,2023-07-31 06:00:00+00:00,26000,29411.23
2023-07-31,7,BTC-230825-26000-C,BTCUSDT,C,230825-26000,5000.0,5000.0,5000.0,5000.0,0.0,0.0,3460.0,3820.0,2.38,3.2,,0.55300713,3613.0,0.4412508,0.86752955,6.318e-05,16.47631467,-14.54036736,22.64,665248.03033853,2023-07-31 07:00:00+00:00,26000,29373.61
2023-07-31,8,BTC-230825-26000-C,BTCUSDT,C,230825-26000,5000.0,5000.0,5000.0,5000.0,0.0,0.0,3460.0,3825.0,2.38,4.68,,0.54935932,3612.0,0.43208122,0.87321701,6.26e-05,15.97845199,-13.83102344,22.64,665427.78945062,2023-07-31 08:00:00+00:00,26000,29391.3
2023-07-31,9,BTC-230825-26000-C,BTCUSDT,C,230825-26000,5000.0,5000.0,5000.0,5000.0,0.0,0.0,3465.0,3815.0,3.2,3.2,,0.54861069,3614.0,0.43866158,0.86958214,6.296e-05,16.27627042,-14.32729988,22.64,665015.48519571,2023-07-31 09:00:00+00:00,26000,29383.96
2023-07-31,10,BTC-230825-26000-C,BTCUSDT,C,230825-26000,5000.0,5000.0,5000.0,5000.0,0.0,0.0,3465.0,3815.0,3.2,3.2,,0.54653883,3612.0,0.4349792,0.87195044,6.273e-05,16.06072127,-14.04236471,22.64,665299.43060226,2023-07-31 10:00:00+00:00,26000,29389.85
2023-07-31,11,BTC-230825-26000-C,BTCUSDT,C,230825-26000,5000.0,5000.0,5000.0,5000.0,0.0,0.0,3465.0,3815.0,3.2,3.2,,0.54001093,3608.0,0.42356133,0.87885307,6.199e-05,15.44627724,-13.17270353,22.64,665705.59717808,2023-07-31 11:00:00+00:00,26000,29405.99
2023-07-31,12,BTC-230825-26000-C,BTCUSDT,C,230825-26000,5000.0,5000.0,5000.0,5000.0,0.0,0.0,3470.0,3820.0,3.2,3.2,,0.51400661,3550.0,0.33200331,0.93212321,5.142e-05,10.07101983,-6.74341579,22.64,667232.34921311,2023-07-31 12:00:00+00:00,26000,29472.5
2023-07-31,13,BTC-230825-26000-C,BTCUSDT,C,230825-26000,5000.0,5000.0,5000.0,5000.0,0.0,0.0,3385.0,3735.0,3.2,3.2,,0.51894188,3515.0,0.38751602,0.89524732,6.127e-05,13.87833198,-10.86479491,22.64,664371.21796927,2023-07-31 13:00:00+00:00,26000,29363.99
2023-07-31,14,BTC-230825-26000-C,BTCUSDT,C,230825-26000,5000.0,5000.0,5000.0,5000.0,0.0,0.0,3385.0,3735.0,3.2,3.2,,0.54380417,3534.0,0.43425798,0.86753018,6.473e-05,16.33903267,-14.35821666,22.64,663458.95036475,2023-07-31 14:00:00+00:00,26000,29302.45
2023-07-31,15,BTC-230825-26000-C,BTCUSDT,C,230825-26000,5000.0,5000.0,5000.0,5000.0,0.0,0.0,3485.0,3675.0,1.5,3.2,,0.53680182,3575.0,0.48517823,0.84042257,6.584e-05,18.46748167,-18.1621944,22.64,662316.97383729,2023-07-31 15:00:00+00:00,26000,29247.98
2023-07-31,16,BTC-230825-26000-C,BTCUSDT,C,230825-26000,5000.0,5000.0,5000.0,5000.0,0.0,0.0,3480.0,3640.0,1.5,3.2,,0.5258131,3556.0,0.48223972,0.84089802,6.621e-05,18.40643844,-18.02296773,22.64,661830.83332746,2023-07-31 16:00:00+00:00,26000,29232.51
2023-07-31,17,BTC-230825-26000-C,BTCUSDT,C,230825-26000,5000.0,5000.0,5000.0,5000.0,0.0,0.0,3460.0,3805.0,1.5,2.84,,0.61200619,3621.0,0.52374601,0.8227701,6.543e-05,19.70238522,-20.98787971,22.64,661418.40218893,2023-07-31 17:00:00+00:00,26000,29215.99
2023-07-31,18,BTC-230825-26000-C,BTCUSDT,C,230825-26000,5000.0,5000.0,5000.0,5000.0,0.0,0.0,3420.0,3765.0,1.5,4.97,,0.60159683,3580.0,0.5120039,0.82626166,6.62e-05,19.42523756,-20.26307505,22.64,661070.80603955,2023-07-31 18:00:00+00:00,26000,29195.74
2023-07-31,19,BTC-230825-26000-C,BTCUSDT,C,230825-26000,5000.0,5000.0,5000.0,5000.0,0.0,0.0,3380.0,3720.0,1.5,2.26,,0.59335947,3538.0,0.50454021,0.82728792,6.706e-05,19.31383313,-19.88694025,22.64,659794.36532746,2023-07-31 19:00:00+00:00,26000,29157.48
2023-07-31,20,BTC-230825-26000-C,BTCUSDT,C,230825-26000,5000.0,5000.0,5000.0,5000.0,0.0,0.0,3455.0,3800.0,1.5,3.24,,0.61380386,3616.0,0.52550077,0.82215064,6.554e-05,19.69086016,-21.15343925,22.64,661298.76844836,2023-07-31 20:00:00+00:00,26000,29208.27
2023-07-31,21,BTC-230825-26000-C,BTCUSDT,C,230825-26000,5000.0,5000.0,5000.0,5000.0,0.0,0.0,3455.0,3805.0,1.5,4.06,,0.60425282,3617.0,0.51196337,0.82991756,6.537e-05,19.14531752,-20.07173362,22.64,662031.39138463,2023-07-31 21:00:00+00:00,26000,29243.31
2023-07-31,22,BTC-230825-26000-C,BTCUSDT,C,230825-26000,5000.0,5000.0,5000.0,5000.0,0.0,0.0,3440.0,3785.0,1.5,4.08,,0.60745955,3601.0,0.51784396,0.82560274,6.58e-05,19.41569521,-20.62419642,22.64,661296.72338463,2023-07-31 22:00:00+00:00,26000,29209.99
2023-07-31,23,BTC-230825-26000-C,BTCUSDT,C,230825-26000,5000.0,5000.0,5000.0,5000.0,0.0,0.0,3465.0,3815.0,1.5,3.62,,0.61351299,3628.0,0.52266598,0.82536035,6.526e-05,19.43136842,-20.86871987,22.64,661838.91406599,2023-07-31 23:00:00+00:00,26000,29232.25
2023-08-01,0,BTC-230825-26000-C,BTCUSDT,C,230825-26000,5000.0,5000.0,5000.0,5000.0,0.0,0.0,3495.0,3845.0,1.5,4.97,,0.60880661,3657.0,0.51579952,0.8316358,6.454e-05,18.99950828,-20.17138791,22.64,663096.04858011,2023-08-01 00:00:00+00:00,26000,29283.96
2023-08-01,1,BTC-230825-26000-C,BTCUSDT,C,230825-26000,5000.0,5000.0,5000.0,5000.0,0.0,0.0,3455.0,3690.0,1.5,3.2,,0.56751728,3566.0,0.50542116,0.83054823,6.638e-05,19.00717919,-19.80747629,22.64,661131.1652748,2023-08-01 01:00:00+00:00,26000,29200.54
2023-08-01,2,BTC-230825-26000-C,BTCUSDT,C,230825-26000,5000.0,5000.0,5000.0,5000.0,0.0,0.0,3185.0,3505.0,1.5,2.12,,0.58074474,3335.0,0.49983025,0.81464191,7.175e-05,19.91457528,-20.55883436,22.64,655130.00784181,2023-08-01 02:00:00+00:00,26000,28933.22
2023-08-01,3,BTC-230825-26000-C,BTCUSDT,C,230825-26000,5000.0,5000.0,5000.0,5000.0,0.0,0.0,3100.0,3410.0,1.5,5.14,,0.5726099,3246.0,0.49523234,0.80962288,7.394e-05,20.16045978,-20.65677303,22.64,652721.34819345,2023-08-01 03:00:00+00:00,26000,28835.0
2023-08-01,4,BTC-230825-26000-C,BTCUSDT,C,230825-26000,5000.0,5000.0,5000.0,5000.0,0.0,0.0,3135.0,3450.0,1.5,4.64,,0.58099508,3284.0,0.50255537,0.80895247,7.301e-05,20.20693354,-21.04683544,22.64,653412.29362644,2023-08-01 04:00:00+00:00,26000,28866.0
2023-08-01,5,BTC-230825-26000-C,BTCUSDT,C,230825-26000,5000.0,5000.0,5000.0,5000.0,0.0,0.0,3075.0,3390.0,1.5,3.55,,0.53369045,3218.0,0.44625998,0.83786374,7.403e-05,18.23166044,-16.89146663,22.64,654786.64611864,2023-08-01 05:00:00+00:00,26000,28920.03
2023-08-01,6,BTC-230825-26000-C,BTCUSDT,C,230825-26000,5000.0,5000.0,5000.0,5000.0,0.0,0.0,3155.0,3475.0,1.5,2.9,,0.57559013,3305.0,0.49379349,0.81651693,7.247e-05,19.70820725,-20.23940321,22.64,654792.34343729,2023-08-01 06:00:00+00:00,26000,28914.29
2023-08-01,7,BTC-230825-26000-C,BTCUSDT,C,230825-26000,5000.0,5000.0,5000.0,5000.0,0.0,0.0,3035.0,3350.0,3.0,5.24,,0.50840378,3173.0,0.41306019,0.85613782,7.397e-05,16.82216858,-14.47617661,22.64,655117.62052746,2023-08-01 07:00:00+00:00,26000,28937.3
2023-08-01,8,BTC-230825-26000-C,BTCUSDT,C,230825-26000,5000.0,5000.0,5000.0,5000.0,0.0,0.0,3210.0,3525.0,1.5,3.0,,0.5718112,3357.0,0.48907042,0.82434531,7.113e-05,19.19267204,-19.58935002,22.64,656097.27074282,2023-08-01 08:00:00+00:00,26000,28994.91
2023-08-01,9,BTC-230825-26000-C,BTCUSDT,C,230825-26000,5000.0,5000.0,5000.0,5000.0,0.0,0.0,3160.0,3470.0,1.5,3.0,,0.57044268,3305.0,0.49023986,0.81940031,7.243e-05,19.47112663,-19.95578623,22.64,654949.14409672,2023-08-01 09:00:00+00:00,26000,28928.37
2023-08-01,10,BTC-230825-26000-C,BTCUSDT,C,230825-26000,5000.0,5000.0,5000.0,5000.0,0.0,0.0,3165.0,3470.0,1.5,3.0,,0.57096481,3308.0,0.49219131,0.81875376,7.237e-05,19.49773182,-20.09761174,22.64,654964.45719571,2023-08-01 10:00:00+00:00,26000,28928.01
2023-08-01,11,BTC-230825-26000-C,BTCUSDT,C,230825-26000,5000.0,5000.0,5000.0,5000.0,0.0,0.0,3110.0,3420.0,1.5,3.0,,0.57241917,3256.0,0.49352646,0.81354382,7.369e-05,19.78227946,-20.48197255,22.64,653452.20471209,2023-08-01 11:00:00+00:00,26000,28862.19
2023-08-01,12,BTC-230825-26000-C,BTCUSDT,C,230825-26000,5000.0,5000.0,5000.0,5000.0,0.0,0.0,3125.0,3430.0,1.5,3.0,,0.57143688,3269.0,0.49341917,0.81500426,7.337e-05,19.68025365,-20.40758607,22.64,653807.24718237,2023-08-01 12:00:00+00:00,26000,28878.57
2023-08-01,13,BTC-230825-26000-C,BTCUSDT,C,230825-26000,5000.0,5000.0,5000.0,5000.0,0.0,0.0,3125.0,3435.0,1.5,3.0,,0.57603359,3271.0,0.49710751,0.81329902,7.332e-05,19.77189939,-20.69211537,22.64,653718.9586461,2023-08-01 13:00:00+00:00,26000,28869.02
2023-08-01,14,BTC-230825-26000-C,BTCUSDT,C,230825-26000,5000.0,5000.0,5000.0,5000.0,0.0,0.0,3065.0,3370.0,1.5,3.0,,0.5627346,3208.0,0.4842782,0.81552261,7.489e-05,19.57764796,-19.9951287,22.64,652390.2419252,2023-08-01 14:00:00+00:00,26000,28828.18
2023-08-01,15,BTC-230825-26000-C,BTCUSDT,C,230825-26000,5000.0,5000.0,5000.0,5000.0,0.0,0.0,3170.0,3350.0,5.22,5.22,,0.50586224,3255.0,0.4560256,0.83741345,7.314e-05,18.12556277,-17.46278156,22.64,655333.48421989,2023-08-01 15:00:00+00:00,26000,28954.0
2023-08-01,16,BTC-230825-26000-C,BTCUSDT,C,230825-26000,5000.0,5000.0,5000.0,5000.0,0.0,0.0,3060.0,3355.0,1.5,2.05,,0.51509619,3192.0,0.42790532,0.85016493,7.396e-05,17.151727,-15.53293472,22.64,654684.01974508,2023-08-01 16:00:00+00:00,26000,28936.0
2023-08-01,17,BTC-230825-26000-C,BTCUSDT,C,230825-26000,5000.0,5000.0,5000.0,5000.0,0.0,0.0,3180.0,3500.0,1.5,3.25,,0.5787921,3329.0,0.49506068,0.82072738,7.183e-05,19.26314699,-20.21856257,22.64,655519.01528791,2023-08-01 17:00:00+00:00,26000,28954.01
2023-08-01,18,BTC-230825-26000-C,BTCUSDT,C,230825-26000,5000.0,5000.0,5000.0,5000.0,0.0,0.0,3290.0,3640.0,3.39,5.7,,0.52152634,3417.0,0.3848505,0.89631986,6.298e-05,13.39333499,-10.94746016,22.64,662047.55783729,2023-08-01 18:00:00+00:00,26000,29272.0
2023-08-01,19,BTC-230825-26000-C,BTCUSDT,C,230825-26000,5000.0,5000.0,5000.0,5000.0,0.0,0.0,3455.0,3805.0,1.5,2.88,,0.60390949,3615.0,0.50671339,0.83811749,6.514e-05,18.21163512,-19.63420176,22.64,662689.82727028,2023-08-01 19:00:00+00:00,26000,29274.41
2023-08-01,20,BTC-230825-26000-C,BTCUSDT,C,230825-26000,5000.0,5000.0,5000.0,5000.0,0.0,0.0,3400.0,3750.0,1.5,3.05,,0.5951643,3559.0,0.49715996,0.83938114,6.621e-05,18.07505841,-19.15351513,22.64,661740.44001763,2023-08-01 20:00:00+00:00,26000,29229.74
2023-08-01,21,BTC-230825-26000-C,BTCUSDT,C,230825-26000,5000.0,5000.0,5000.0,5000.0,0.0,0.0,3405.0,3755.0,1.5,4.01,,0.592556,3564.0,0.49332142,0.84214909,6.6e-05,17.86325317,-18.81634386,22.64,661942.08280429,2023-08-01 21:00:00+00:00,26000,29244.86
2023-08-01,22,BTC-230825-26000-C,BTCUSDT,C,230825-26000,5000.0,5000.0,5000.0,5000.0,0.0,0.0,3425.0,3770.0,1.5,4.29,,0.5970192,3582.0,0.50010443,0.84001845,6.572e-05,18.01018445,-19.26624283,22.64,662201.29090102,2023-08-01 22:00:00+00:00,26000,29253.99
2023-08-01,23,BTC-230825-26000-C,BTCUSDT,C,230825-26000,5000.0,5000.0,5000.0,5000.0,0.0,0.0,3715.0,4255.0,4.04,3.08,,0.65541267,3891.0,0.44777393,0.89135963,5.541e-05,13.99764875,-13.43095528,22.64,672031.3923078,2023-08-01 23:00:00+00:00,26000,29705.99
2023-08-02,0,BTC-230825-26000-C,BTCUSDT,C,230825-26000,5000.0,5000.0,5000.0,5000.0,0.0,0.0,3815.0,4405.0,3.85,2.06,,0.68427086,3953.0,0.41713543,0.91210717,5.078e-05,12.01914337,-10.76266484,22.64,674945.86936271,2023-08-02 00:00:00+00:00,26000,29822.03
2023-08-02,1,BTC-230825-26000-C,BTCUSDT,C,230825-26000,5000.0,5000.0,5000.0,5000.0,0.0,0.0,3840.0,4575.0,4.09,4.91,,0.75472832,4025.0,0.45236416,0.89735963,5.248e-05,13.47509307,-13.10891636,22.64,676096.31723073,2023-08-02 01:00:00+00:00,26000,29844.88
2023-08-02,2,BTC-230825-26000-C,BTCUSDT,C,230825-26000,5000.0,5000.0,5000.0,5000.0,0.0,0.0,3840.0,4575.0,4.09,6.41,,0.76877594,4111.0,0.53143024,0.86179246,5.522e-05,16.58681356,-18.99044163,22.64,675225.69976271,2023-08-02 02:00:00+00:00,26000,29810.86
2023-08-02,3,BTC-230825-26000-C,BTCUSDT,C,230825-26000,5000.0,5000.0,5000.0,5000.0,0.0,0.0,3705.0,4410.0,5.73,2.47,,0.7589674,3994.0,0.55318594,0.84330757,5.811e-05,17.91723859,-21.39185507,22.64,670889.70437808,2023-08-02 03:00:00+00:00,26000,29632.96
2023-08-02,4,BTC-230825-26000-C,BTCUSDT,C,230825-26000,5000.0,5000.0,5000.0,5000.0,0.0,0.0,3690.0,4295.0,2.2,5.75,,0.69054127,3901.0,0.47640085,0.87745595,5.705e-05,15.16364628,-15.61939545,22.64,671798.69291435,2023-08-02 04:00:00+00:00,26000,29675.52
2023-08-02,5,BTC-230825-26000-C,BTCUSDT,C,230825-26000,5000.0,5000.0,5000.0,5000.0,0.0,0.0,3630.0,4020.0,4.08,3.35,,0.56088924,3727.0,0.35544462,0.93498929,4.785e-05,9.45519255,-7.27970178,22.64,671254.67859345,2023-08-02 05:00:00+00:00,26000,29649.99
2023-08-02,6,BTC-230825-26000-C,BTCUSDT,C,230825-26000,5000.0,5000.0,5000.0,5000.0,0.0,0.0,3610.0,3995.0,3.36,4.94,,0.58360577,3760.0,0.44347048,0.8869607,5.819e-05,14.24544256,-13.70870896,22.64,669536.70812316,2023-08-02 06:00:00+00:00,26000,29567.45
2023-08-02,7,BTC-230825-26000-C,BTCUSDT,C,230825-26000,5000.0,5000.0,5000.0,5000.0,0.0,0.0,3655.0,4050.0,3.69,2.89,,0.60928822,3820.0,0.47944546,0.87110871,5.907e-05,15.61423563,-16.27428387,22.64,669665.23863729,2023-08-02 07:00:00+00:00,26000,29577.26
2023-08-02,8,BTC-230825-26000-C,BTCUSDT,C,230825-26000,5000.0,5000.0,5000.0,5000.0,0.0,0.0,3515.0,3890.0,5.59,3.71,,0.56519032,3655.0,0.42169809,0.89308166,5.907e-05,13.62467272,-12.51287611,22.64,667443.85159571,2023-08-02 08:00:00+00:00,26000,29489.55
2023-08-02,9,BTC-230825-26000-C,BTCUSDT,C,230825-26000,5000.0,5000.0,5000.0,5000.0,0.0,0.0,3515.0,3890.0,5.59,3.71,,0.57996273,3668.0,0.45156717,0.87683785,6.113e-05,15.03658471,-14.81459917,22.64,666834.16137153,2023-08-02 09:00:00+00:00,26000,29453.52
2023-08-02,10,BTC-230825-26000-C,BTCUSDT,C,230825-26000,5000.0,5000.0,5000.0,5000.0,0.0,0.0,3520.0,3890.0,3.0,3.71,,0.54622412,3608.0,0.34811206,0.93383335,4.995e-05,9.50401395,-7.23160696,22.64,668515.73866373,2023-08-02 10:00:00+00:00,26000,29531.47
2023-08-02,11,BTC-230825-26000-C,BTCUSDT,C,230825-26000,5000.0,5000.0,5000.0,5000.0,0.0,0.0,3520.0,3890.0,3.0,3.71,,0.5334425,3628.0,0.34172125,0.93868068,4.796e-05,8.95804612,-6.70325508,22.64,669337.78711209,2023-08-02 11:00:00+00:00,26000,29562.49
2023-08-02,12,BTC-230825-26000-C,BTCUSDT,C,230825-26000,5000.0,5000.0,5000.0,5000.0,0.0,0.0,3505.0,3875.0,3.0,3.37,,0.56837559,3648.0,0.43198824,0.88755006,6.005e-05,14.0659437,-13.33013346,22.64,667289.81251864,2023-08-02 12:00:00+00:00,26000,29466.01
2023-08-02,13,BTC-230825-26000-C,BTCUSDT,C,230825-26000,5000.0,5000.0,5000.0,5000.0,0.0,0.0,3455.0,3820.0,3.0,2.73,,0.56274891,3598.0,0.42949915,0.88578204,6.124e-05,14.18501077,-13.38999332,22.64,666011.81188565,2023-08-02 13:00:00+00:00,26000,29412.04
2023-08-02,14,BTC-230825-26000-C,BTCUSDT,C,230825-26000,5000.0,5000.0,5000.0,5000.0,0.0,0.0,3360.0,3715.0,3.0,3.61,,0.56712627,3511.0,0.45161963,0.86660641,6.529e-05,15.72596589,-15.63776411,22.64,662949.06273401,2023-08-02 14:00:00+00:00,26000,29275.14
2023-08-02,15,BTC-230825-26000-C,BTCUSDT,C,230825-26000,5000.0,5000.0,5000.0,5000.0,0.0,0.0,3385.0,3740.0,3.0,2.68,,0.56056499,3531.0,0.43838263,0.87621312,6.382e-05,14.94114692,-14.44838795,22.64,663996.01097153,2023-08-02 15:00:00+00:00,26000,29321.4
2023-08-02,16,BTC-230825-26000-C,BTCUSDT,C,230825-26000,5000.0,5000.0,5000.0,5000.0,0.0,0.0,3080.0,3575.0,4.49,5.46,,0.59961319,3281.0,0.44412851,0.85337922,7.155e-05,16.59477282,-16.28775251,22.64,657436.58099345,2023-08-02 16:00:00+00:00,26000,29025.91
2023-08-02,17,BTC-230825-26000-C,BTCUSDT,C,230825-26000,5000.0,5000.0,5000.0,5000.0,0.0,0.0,3230.0,3565.0,3.0,2.58,,0.54583549,3373.0,0.43660402,0.86581926,6.83e-05,15.67640375,-15.15360318,22.64,660014.47339774,2023-08-02 17:00:00+00:00,26000,29148.0
2023-08-02,18,BTC-230825-26000-C,BTCUSDT,C,230825-26000,5000.0,5000.0,5000.0,5000.0,0.0,0.0,3110.0,3445.0,3.0,5.12,,0.48113823,3216.0,0.31556911,0.9326965,5.699e-05,9.43532247,-6.60442476,22.64,659568.17182418,2023-08-02 18:00:00+00:00,26000,29148.1
2023-08-02,19,BTC-230825-26000-C,BTCUSDT,C,230825-26000,5000.0,5000.0,5000.0,5000.0,0.0,0.0,3210.0,3770.0,3.0,3.77,,0.64733744,3438.0,0.47554135,0.8480375,6.833e-05,17.02216538,-17.98830977,22.64,660224.37107684,2023-08-02 19:00:00+00:00,26000,29151.56
2023-08-02,20,BTC-230825-26000-C,BTCUSDT,C,230825-26000,5000.0,5000.0,5000.0,5000.0,0.0,0.0,3210.0,3545.0,3.0,3.56,,0.5419302,3351.0,0.43055296,0.8686224,6.848e-05,15.40105688,-14.76282123,22.64,659595.01718584,2023-08-02 20:00:00+00:00,26000,29137.46
2023-08-02,21,BTC-230825-26000-C,BTCUSDT,C,230825-26000,5000.0,5000.0,5000.0,5000.0,0.0,0.0,3200.0,3680.0,3.0,2.18,,0.59353828,3374.0,0.42057991,0.87683008,6.699e-05,14.73350919,-13.8214456,22.64,660644.35800429,2023-08-02 21:00:00+00:00,26000,29179.56
2023-08-02,22,BTC-230825-26000-C,BTCUSDT,C,230825-26000,5000.0,5000.0,5000.0,5000.0,0.0,0.0,3200.0,3565.0,3.0,2.0,,0.53203821,3327.0,0.38370252,0.8969136,6.471e-05,12.96561724,-11.11717853,22.64,660766.92996927,2023-08-02 22:00:00+00:00,26000,29186.0
2023-08-02,23,BTC-230825-26000-C,BTCUSDT,C,230825-26000,5000.0,5000.0,5000.0,5000.0,0.0,0.0,3200.0,3565.0,3.0,2.0,,0.53292274,3328.0,0.38534641,0.89615559,6.484e-05,13.02221668,-11.2344669,22.64,660486.2810461,2023-08-02 23:00:00+00:00,26000,29186.01
2023-08-03,0,BTC-230825-26000-C,BTCUSDT,C,230825-26000,5000.0,5000.0,5000.0,5000.0,0.0,0.0,3200.0,3565.0,3.0,2.0,,0.53966045,3338.0,0.40275335,0.88607381,6.641e-05,13.89967593,-12.55657162,22.64,660488.83861989,2023-08-03 00:00:00+00:00,26000,29170.68
2023-08-03,1,BTC-230825-26000-C,BTCUSDT,C,230825-26000,5000.0,5000.0,5000.0,5000.0,0.0,0.0,3200.0,3565.0,3.0,2.0,,0.50265074,3322.0,0.32632537,0.93356994,5.471e-05,9.31314661,-6.82947061,22.64,662090.90970554,2023-08-03 01:00:00+00:00,26000,29252.0
2023-08-03,2,BTC-230825-26000-C,BTCUSDT,C,230825-26000,5000.0,5000.0,5000.0,5000.0,0.0,0.0,3200.0,3565.0,3.0,2.0,,0.53803921,3335.0,0.39695978,0.88994814,6.584e-05,13.53742087,-12.09863152,22.64,660561.23686147,2023-08-03 02:00:00+00:00,26000,29176.98
2023-08-03,3,BTC-230825-26000-C,BTCUSDT,C,230825-26000,5000.0,5000.0,5000.0,5000.0,0.0,0.0,3200.0,3565.0,3.0,2.0,,0.53701639,3332.0,0.3931582,0.89241045,6.546e-05,13.30800924,-11.80184254,22.64,660590.10659345,2023-08-03 03:00:00+00:00,26000,29182.14
2023-08-03,4,BTC-230825-26000-C,BTCUSDT,C,230825-26000,5000.0,5000.0,5000.0,5000.0,0.0,0.0,3135.0,3495.0,3.0,2.63,,0.51869392,3223.0,0.33434696,0.92293425,6.025e-05,10.36703377,-7.83318516,22.64,659641.92349017,2023-08-03 04:00:00+00:00,26000,29136.43
2023-08-03,5,BTC-230825-26000-C,BTCUSDT,C,230825-26000,5000.0,5000.0,5000.0,5000.0,0.0,0.0,3135.0,3505.0,3.0,3.03,,0.51877499,3234.0,0.33438749,0.92386846,5.972e-05,10.26618582,-7.77256379,22.64,660035.81968362,2023-08-03 05:00:00+00:00,26000,29149.0
2023-08-03,6,BTC-230825-26000-C,BTCUSDT,C,230825-26000,5000.0,5000.0,5000.0,5000.0,0.0,0.0,3135.0,3460.0,3.0,3.0,,0.52287579,3266.0,0.40561914,0.88015369,6.893e-05,14.28612972,-13.14493309,22.64,658623.45189446,2023-08-03 06:00:00+00:00,26000,29085.2
2023-08-03,7,BTC-230825-26000-C,BTCUSDT,C,230825-26000,5000.0,5000.0,5000.0,5000.0,0.0,0.0,3105.0,3425.0,3.0,3.0,,0.52376747,3238.0,0.41277885,0.87356152,7.05e-05,14.79637988,-13.88097619,22.64,657548.22853627,2023-08-03 07:00:00+00:00,26000,29044.17
2023-08-03,8,BTC-230825-26000-C,BTCUSDT,C,230825-26000,5000.0,5000.0,5000.0,5000.0,0.0,0.0,3100.0,3425.0,3.0,3.0,,0.48907757,3191.0,0.31953878,0.93126108,5.801e-05,9.45666826,-6.88069226,22.64,659162.97802192,2023-08-03 08:00:00+00:00,26000,29122.03
2023-08-03,9,BTC-230825-26000-C,BTCUSDT,C,230825-26000,5000.0,5000.0,5000.0,5000.0,0.0,0.0,3195.0,3530.0,3.0,3.0,,0.5329895,3328.0,0.40951729,0.88317331,6.709e-05,14.02242312,-13.10058173,22.64,660107.18192944,2023-08-03 09:00:00+00:00,26000,29154.11
2023-08-03,10,BTC-230825-26000-C,BTCUSDT,C,230825-26000,5000.0,5000.0,5000.0,5000.0,0.0,0.0,3195.0,3530.0,3.0,3.0,,0.52327871,3316.0,0.38628459,0.89723542,6.488e-05,12.7865045,-11.28966179,22.64,660568.42692746,2023-08-03 10:00:00+00:00,26000,29176.0
2023-08-03,11,BTC-230825-26000-C,BTCUSDT,C,230825-26000,5000.0,5000.0,5000.0,5000.0,0.0,0.0,3195.0,3530.0,3.0,3.0,,0.5376029,3330.0,0.41719317,0.87906136,6.764e-05,14.33796306,-13.6985431,22.64,659895.19542847,2023-08-03 11:00:00+00:00,26000,29146.01
2023-08-03,12,BTC-230825-26000-C,BTCUSDT,C,230825-26000,5000.0,5000.0,5000.0,5000.0,0.0,0.0,3145.0,3475.0,3.0,3.0,,0.52605629,3275.0,0.40332317,0.88381264,6.817e-05,13.90519372,-12.86795537,22.64,658985.75906802,2023-08-03 12:00:00+00:00,26000,29106.0
2023-08-03,13,BTC-230825-26000-C,BTCUSDT,C,230825-26000,5000.0,5000.0,5000.0,5000.0,0.0,0.0,3225.0,3545.0,3.0,3.0,,0.52431345,3347.0,0.39835572,0.8925957,6.511e-05,13.17258497,-12.0629237,22.64,660827.80171435,2023-08-03 13:00:00+00:00,26000,29195.55
2023-08-03,14,BTC-230825-26000-C,BTCUSDT,C,230825-26000,5000.0,5000.0,5000.0,5000.0,0.0,0.0,3440.0,3800.0,5.63,3.0,,0.57256222,3582.0,0.43838739,0.88540267,6.16e-05,13.88148105,-14.01642162,22.64,665044.47185944,2023-08-03 14:00:00+00:00,26000,29392.57
2023-08-03,15,BTC-230825-26000-C,BTCUSDT,C,230825-26000,5000.0,5000.0,5000.0,5000.0,0.0,0.0,3295.0,3670.0,3.0,3.0,,0.56487799,3440.0,0.42563319,0.88310716,6.472e-05,13.99833802,-13.74958641,22.64,662498.37745944,2023-08-03 15:00:00+00:00,26000,29259.07
2023-08-03,16,BTC-230825-26000-C,BTCUSDT,C,230825-26000,5000.0,5000.0,5000.0,5000.0,0.0,0.0,3290.0,3680.0,4.55,2.14,,0.5489254,3392.0,0.3494627,0.92651472,5.59e-05,9.94191804,-8.03312754,22.64,663581.35812746,2023-08-03 16:00:00+00:00,26000,29302.55
2023-08-03,17,BTC-230825-26000-C,BTCUSDT,C,230825-26000,5000.0,5000.0,5000.0,5000.0,0.0,0.0,3285.0,3710.0,3.0,3.0,,0.59931278,3457.0,0.45481443,0.86744129,6.632e-05,15.24069073,-16.05795153,22.64,662037.49920881,2023-08-03 17:00:00+00:00,26000,29230.23
2023-08-03,18,BTC-230825-26000-C,BTCUSDT,C,230825-26000,5000.0,5000.0,5000.0,5000.0,0.0,0.0,3255.0,3615.0,5.44,4.95,,0.53144932,3347.0,0.34072466,0.92950934,5.572e-05,9.59854596,-7.59100861,22.64,662618.43663299,2023-08-03 18:00:00+00:00,26000,29269.76
2023-08-03,19,BTC-230825-26000-C,BTCUSDT,C,230825-26000,5000.0,5000.0,5000.0,5000.0,0.0,0.0,3320.0,3660.0,3.0,3.0,,0.5496788,3451.0,0.41855812,0.8891686,6.355e-05,13.43714384,-13.07958755,22.64,663362.8423209,2023-08-03 19:00:00+00:00,26000,29281.32
2023-08-03,20,BTC-230825-26000-C,BTCUSDT,C,230825-26000,5000.0,5000.0,5000.0,5000.0,0.0,0.0,3310.0,3665.0,4.74,5.21,,0.54548025,3426.0,0.38729548,0.90656878,6.068e-05,11.86150641,-10.70424558,22.64,663740.98505492,2023-08-03 20:00:00+00:00,26000,29304.0
2023-08-03,21,BTC-230825-26000-C,BTCUSDT,C,230825-26000,5000.0,5000.0,5000.0,5000.0,0.0,0.0,3265.0,3660.0,4.62,4.63,,0.56510925,3398.0,0.40032387,0.89696862,6.323e-05,12.70958344,-11.87847514,22.64,662011.9632791,2023-08-03 21:00:00+00:00,26000,29253.91
2023-08-03,22,BTC-230825-26000-C,BTCUSDT,C,230825-26000,5000.0,5000.0,5000.0,5000.0,0.0,0.0,3215.0,3575.0,3.33,3.0,,0.52684307,3312.0,0.33842154,0.92961173,5.632e-05,9.53960622,-7.55182792,22.64,661946.51377582,2023-08-03 22:00:00+00:00,26000,29235.25
2023-08-03,23,BTC-230825-26000-C,BTCUSDT,C,230825-26000,5000.0,5000.0,5000.0,5000.0,0.0,0.0,3220.0,3575.0,3.0,3.0,,0.54676533,3353.0,0.40741682,0.8898067,6.547e-05,13.28799087,-12.68847201,22.64,660952.79690554,2023-08-03 23:00:00+00:00,26000,29193.64
2023-08-04,0,BTC-230825-26000-C,BTCUSDT,C,230825-26000,5000.0,5000.0,5000.0,5000.0,0.0,0.0,3225.0,3590.0,3.0,3.34,,0.53788185,3314.0,0.34394093,0.9267521,5.725e-05,9.81526118,-7.92767479,22.64,661825.53158689,2023-08-04 00:00:00+00:00,26000,29232.94
2023-08-04,1,BTC-230825-26000-C,BTCUSDT,C,230825-26000,5000.0,5000.0,5000.0,5000.0,0.0,0.0,3220.0,3585.0,3.0,3.0,,0.55087805,3353.0,0.40447116,0.89211414,6.507e-05,13.06426122,-12.43320941,22.64,661082.39722192,2023-08-04 01:00:00+00:00,26000,29198.15
2023-08-04,2,BTC-230825-26000-C,BTCUSDT,C,230825-26000,5000.0,5000.0,5000.0,5000.0,0.0,0.0,3165.0,3545.0,3.0,4.91,,0.54385662,3256.0,0.34692831,0.92166759,5.998e-05,10.28697553,-8.41377075,22.64,660399.70916927,2023-08-04 02:00:00+00:00,26000,29166.0
2023-08-04,3,BTC-230825-26000-C,BTCUSDT,C,230825-26000,5000.0,5000.0,5000.0,5000.0,0.0,0.0,3160.0,3540.0,3.04,2.82,,0.54505348,3250.0,0.34790516,0.92085961,6.036e-05,10.35442967,-8.50950598,22.64,660132.49248362,2023-08-04 03:00:00+00:00,26000,29161.29
2023-08-04,4,BTC-230825-26000-C,BTCUSDT,C,230825-26000,5000.0,5000.0,5000.0,5000.0,0.0,0.0,3210.0,3560.0,3.0,3.0,,0.53628922,3320.0,0.37577629,0.90834061,6.235e-05,11.56485786,-10.28591008,22.64,661001.19425944,2023-08-04 04:00:00+00:00,26000,29205.98
2023-08-04,5,BTC-230825-26000-C,BTCUSDT,C,230825-26000,5000.0,5000.0,5000.0,5000.0,0.0,0.0,3210.0,3570.0,3.0,4.36,,0.52520275,3313.0,0.33760138,0.93161695,5.558e-05,9.26725632,-7.41969193,22.64,662020.27041763,2023-08-04 05:00:00+00:00,26000,29240.84
2023-08-04,6,BTC-230825-26000-C,BTCUSDT,C,230825-26000,5000.0,5000.0,5000.0,5000.0,0.0,0.0,3215.0,3570.0,3.0,4.36,,0.547328,3344.0,0.4027009,0.89378511,6.495e-05,12.85252098,-12.29873806,22.64,660828.95361763,2023-08-04 06:00:00+00:00,26000,29196.0
2023-08-04,7,BTC-230825-26000-C,BTCUSDT,C,230825-26000,5000.0,5000.0,5000.0,5000.0,0.0,0.0,3205.0,3540.0,3.0,3.0,,0.52196026,3286.0,0.33598013,0.93136892,5.617e-05,9.26622148,-7.4125347,22.64,661333.82064181,2023-08-04 07:00:00+00:00,26000,29212.92
2023-08-04,8,BTC-230825-26000-C,BTCUSDT,C,230825-26000,5000.0,5000.0,5000.0,5000.0,0.0,0.0,3205.0,3545.0,5.76,2.64,,0.53847313,3328.0,0.39705753,0.89659351,6.476e-05,12.57670658,-11.91333598,22.64,660733.23617582,2023-08-04 08:00:00+00:00,26000,29186.27
2023-08-04,9,BTC-230825-26000-C,BTCUSDT,C,230825-26000,5000.0,5000.0,5000.0,5000.0,0.0,0.0,3205.0,3535.0,5.76,3.0,,0.52866459,3316.0,0.38062334,0.90599048,6.3e-05,11.73021923,-10.65674842,22.64,661103.83307254,2023-08-04 09:00:00+00:00,26000,29200.13
2023-08-04,11,BTC-230825-26000-C,BTCUSDT,C,230825-26000,5000.0,5000.0,5000.0,5000.0,0.0,0.0,3215.0,3730.0,3.0,3.0,,0.64579487,3419.0,0.47314405,0.85860011,6.796e-05,15.61604793,-17.7327267,22.64,660564.85926147,2023-08-04 11:00:00+00:00,26000,29167.51
2023-08-04,12,BTC-230825-26000-C,BTCUSDT,C,230825-26000,5000.0,5000.0,5000.0,5000.0,0.0,0.0,3235.0,3570.0,5.6,3.0,,0.53756714,3350.0,0.39006233,0.90345143,6.287e-05,11.92915196,-11.18984427,22.64,661542.84755164,2023-08-04 12:00:00+00:00,26000,29222.53
2023-08-04,13,BTC-230825-26000-C,BTCUSDT,C,230825-26000,5000.0,5000.0,5000.0,5000.0,0.0,0.0,3290.0,3630.0,3.0,3.0,,0.56239605,3426.0,0.43522835,0.88191049,6.518e-05,13.79052946,-14.46271326,22.64,661990.5348922,2023-08-04 13:00:00+00:00,26000,29240.72
2023-08-04,14,BTC-230825-26000-C,BTCUSDT,C,230825-26000,5000.0,5000.0,5000.0,5000.0,0.0,0.0,3265.0,3605.0,3.95,3.0,,0.54244995,3376.0,0.38707733,0.90755848,6.141e-05,11.54313302,-10.78812707,22.64,662339.23069898,2023-08-04 14:00:00+00:00,26000,29257.13
2023-08-04,15,BTC-230825-26000-C,BTCUSDT,C,230825-26000,5000.0,5000.0,5000.0,5000.0,0.0,0.0,3270.0,3605.0,3.0,3.0,,0.5344677,3346.0,0.34223385,0.93279372,5.458e-05,9.06343813,-7.50438768,22.64,662700.55763525,2023-08-04 15:00:00+00:00,26000,29274.28
2023-08-04,16,BTC-230825-26000-C,BTCUSDT,C,230825-26000,5000.0,5000.0,5000.0,5000.0,0.0,0.0,3265.0,3605.0,3.95,3.0,,0.53920269,3340.0,0.34460135,0.93123894,5.524e-05,9.21293665,-7.69645716,22.64,662568.2032,2023-08-04 16:00:00+00:00,26000,29265.38
2023-08-04,17,BTC-230825-26000-C,BTCUSDT,C,230825-26000,5000.0,5000.0,5000.0,5000.0,0.0,0.0,3265.0,3610.0,3.95,3.0,,0.57311058,3408.0,0.45077562,0.87243044,6.68e-05,14.47826587,-15.85371413,22.64,661133.5064,2023-08-04 17:00:00+00:00,26000,29200.01
2023-08-04,18,BTC-230825-26000-C,BTCUSDT,C,230825-26000,5000.0,5000.0,5000.0,5000.0,0.0,0.0,3065.0,3430.0,5.52,5.42,,0.53447962,3153.0,0.34223981,0.92131776,6.221e-05,10.12332612,-8.43311135,22.64,657864.82281311,2023-08-04 18:00:00+00:00,26000,29062.51
2023-08-04,19,BTC-230825-26000-C,BTCUSDT,C,230825-26000,5000.0,5000.0,5000.0,5000.0,0.0,0.0,3025.0,3395.0,4.21,4.73,,0.53278923,3117.0,0.34139462,0.91964045,6.351e-05,10.26248732,-8.54525837,22.64,657322.27884836,2023-08-04 19:00:00+00:00,26000,29032.06
2023-08-04,20,BTC-230825-26000-C,BTCUSDT,C,230825-26000,5000.0,5000.0,5000.0,5000.0,0.0,0.0,3075.0,3425.0,3.7,3.0,,0.57665825,3228.0,0.46501398,0.85017225,7.305e-05,15.97860203,-18.15951723,22.64,655792.65078689,2023-08-04 20:00:00+00:00,26000,28967.51
2023-08-04,21,BTC-230825-26000-C,BTCUSDT,C,230825-26000,5000.0,5000.0,5000.0,5000.0,0.0,0.0,3030.0,3460.0,3.61,5.48,,0.55691957,3156.0,0.35345979,0.91498162,6.407e-05,10.69597249,-9.25859759,22.64,657954.62897582,2023-08-04 21:00:00+00:00,26000,29056.36
2023-08-04,22,BTC-230825-26000-C,BTCUSDT,C,230825-26000,5000.0,5000.0,5000.0,5000.0,0.0,0.0,3070.0,3400.0,2.74,4.39,,0.52323341,3182.0,0.3763628,0.90239963,6.672e-05,11.83686183,-10.9323974,22.64,657900.81294938,2023-08-04 22:00:00+00:00,26000,29057.62
2023-08-04,23,BTC-230825-26000-C,BTCUSDT,C,230825-26000,5000.0,5000.0,5000.0,5000.0,0.0,0.0,3070.0,3400.0,2.74,4.39,,0.49633503,3177.0,0.32316751,0.93587974,5.65e-05,8.62098811,-6.85087308,22.64,659133.70087092,2023-08-04 23:00:00+00:00,26000,29113.99
2023-08-05,0,BTC-230825-26000-C,BTCUSDT,C,230825-26000,5000.0,5000.0,5000.0,5000.0,0.0,0.0,3070.0,3435.0,2.74,3.06,,0.51528454,3190.0,0.33264227,0.93106867,5.81e-05,9.10999871,-7.46702813,22.64,659345.67287028,2023-08-05 00:00:00+00:00,26000,29118.48
2023-08-05,1,BTC-230825-26000-C,BTCUSDT,C,230825-26000,5000.0,5000.0,5000.0,5000.0,0.0,0.0,3070.0,3400.0,2.74,3.64,,0.51655531,3150.0,0.33327765,0.92835212,5.989e-05,9.361292,-7.7034757,22.64,658271.85518237,2023-08-05 01:00:00+00:00,26000,29075.79
2023-08-05,2,BTC-230825-26000-C,BTCUSDT,C,230825-26000,5000.0,5000.0,5000.0,5000.0,0.0,0.0,3085.0,3405.0,3.0,3.0,,0.51505804,3159.0,0.33252902,0.92956998,5.928e-05,9.23252613,-7.59607698,22.64,658616.09762644,2023-08-05 02:00:00+00:00,26000,29086.05
2023-08-05,3,BTC-230825-26000-C,BTCUSDT,C,230825-26000,5000.0,5000.0,5000.0,5000.0,0.0,0.0,3085.0,3405.0,3.0,3.0,,0.51146507,3164.0,0.33073254,0.93126101,5.854e-05,9.05457794,-7.42473176,22.64,658612.25629017,2023-08-05 03:00:00+00:00,26000,29094.53
2023-08-05,4,BTC-230825-26000-C,BTCUSDT,C,230825-26000,5000.0,5000.0,5000.0,5000.0,0.0,0.0,3085.0,3405.0,3.0,3.0,,0.53102016,3207.0,0.40177584,0.88970308,6.873e-05,12.85377999,-12.83064657,22.64,657820.10259345,2023-08-05 04:00:00+00:00,26000,29056.01
2023-08-05,5,BTC-230825-26000-C,BTCUSDT,C,230825-26000,5000.0,5000.0,5000.0,5000.0,0.0,0.0,3085.0,3405.0,3.0,3.0,,0.51178455,3165.0,0.33089228,0.93164199,5.838e-05,8.99764804,-7.41224199,22.64,658723.81426802,2023-08-05 05:00:00+00:00,26000,29096.2
2023-08-05,6,BTC-230825-26000-C,BTCUSDT,C,230825-26000,5000.0,5000.0,5000.0,5000.0,0.0,0.0,3085.0,3405.0,3.0,3.0,,0.5272913,3201.0,0.3906846,0.89675107,6.751e-05,12.23441445,-11.92464353,22.64,658029.97041763,2023-08-05 06:00:00+00:00,26000,29066.84
2023-08-05,7,BTC-230825-26000-C,BTCUSDT,C,230825-26000,5000.0,5000.0,5000.0,5000.0,0.0,0.0,3085.0,3405.0,3.0,3.0,,0.53375244,3208.0,0.40541172,0.88829279,6.896e-05,12.92994451,-13.10487003,22.64,657776.17104181,2023-08-05 07:00:00+00:00,26000,29052.81
2023-08-05,8,BTC-230825-26000-C,BTCUSDT,C,230825-26000,5000.0,5000.0,5000.0,5000.0,0.0,0.0,3030.0,4020.0,5.37,3.0,,0.83092213,3361.0,0.49046106,0.84985547,6.994e-05,15.86923429,-19.49871485,22.64,658555.10148565,2023-08-05 08:00:00+00:00,26000,29088.39
2023-08-05,9,BTC-230825-26000-C,BTCUSDT,C,230825-26000,5000.0,5000.0,5000.0,5000.0,0.0,0.0,3030.0,3380.0,5.37,3.0,,0.51734924,3133.0,0.33367462,0.92868447,6.013e-05,9.24548987,-7.74472856,22.64,657929.72995164,2023-08-05 09:00:00+00:00,26000,29058.06
2023-08-05,10,BTC-230825-26000-C,BTCUSDT,C,230825-26000,5000.0,5000.0,5000.0,5000.0,0.0,0.0,3030.0,3380.0,5.37,3.0,,0.51892757,3131.0,0.33446379,0.92831068,6.03e-05,9.27227681,-7.80185915,22.64,657848.44986373,2023-08-05 10:00:00+00:00,26000,29058.0
2023-08-05,11,BTC-230825-26000-C,BTCUSDT,C,230825-26000,5000.0,5000.0,5000.0,5000.0,0.0,0.0,3030.0,3380.0,5.37,3.0,,0.52426338,3124.0,0.33713169,0.92641165,6.112e-05,9.44674811,-8.02889825,22.64,657631.71042644,2023-08-05 11:00:00+00:00,26000,29048.0
2023-08-05,12,BTC-230825-26000-C,BTCUSDT,C,230825-26000,5000.0,5000.0,5000.0,5000.0,0.0,0.0,2980.0,3320.0,2.68,3.83,,0.50524235,3085.0,0.32762117,0.93004663,6.063e-05,9.06695816,-7.50448607,22.64,656891.86756927,2023-08-05 12:00:00+00:00,26000,29014.77
2023-08-05,13,BTC-230825-26000-C,BTCUSDT,C,230825-26000,5000.0,5000.0,5000.0,5000.0,0.0,0.0,3030.0,3350.0,5.65,3.0,,0.51844358,3128.0,0.36168456,0.91155256,6.564e-05,10.8231078,-9.91024987,22.64,657128.77899774,2023-08-05 13:00:00+00:00,26000,29026.26
2023-08-05,14,BTC-230825-26000-C,BTCUSDT,C,230825-26000,5000.0,5000.0,5000.0,5000.0,0.0,0.0,3030.0,3400.0,5.65,4.33,,0.5272913,3144.0,0.33864565,0.92744844,6.033e-05,9.32203355,-8.00895792,22.64,658111.13357356,2023-08-05 14:00:00+00:00,26000,29068.19
2023-08-05,15,BTC-230825-26000-C,BTCUSDT,C,230825-26000,5000.0,5000.0,5000.0,5000.0,0.0,0.0,3030.0,3370.0,5.65,5.54,,0.52375793,3117.0,0.33687897,0.92696333,6.108e-05,9.35088248,-8.00876385,22.64,657451.61478479,2023-08-05 15:00:00+00:00,26000,29041.49
2023-08-05,16,BTC-230825-26000-C,BTCUSDT,C,230825-26000,5000.0,5000.0,5000.0,5000.0,0.0,0.0,3030.0,3355.0,5.65,3.0,,0.5194521,3107.0,0.33472605,0.92788384,6.096e-05,9.24804676,-7.88677787,22.64,657300.01949898,2023-08-05 16:00:00+00:00,26000,29032.73
2023-08-05,17,BTC-230825-26000-C,BTCUSDT,C,230825-26000,5000.0,5000.0,5000.0,5000.0,0.0,0.0,3030.0,3355.0,5.65,3.0,,0.50415039,3128.0,0.3270752,0.93423904,5.811e-05,8.61320728,-7.19276116,22.64,657954.73863289,2023-08-05 17:00:00+00:00,26000,29063.99
2023-08-05,18,BTC-230825-26000-C,BTCUSDT,C,230825-26000,5000.0,5000.0,5000.0,5000.0,0.0,0.0,3030.0,3380.0,5.65,3.0,,0.51295757,3145.0,0.33147879,0.93277725,5.835e-05,8.75589031,-7.42615823,22.64,658612.2388748,2023-08-05 18:00:00+00:00,26000,29076.86
2023-08-05,19,BTC-230825-26000-C,BTCUSDT,C,230825-26000,5000.0,5000.0,5000.0,5000.0,0.0,0.0,3030.0,3385.0,5.65,3.0,,0.52073956,3140.0,0.33536978,0.93032565,5.937e-05,8.98912543,-7.72994669,22.64,658159.47370554,2023-08-05 19:00:00+00:00,26000,29067.35
2023-08-05,20,BTC-230825-26000-C,BTCUSDT,C,230825-26000,5000.0,5000.0,5000.0,5000.0,0.0,0.0,3030.0,3350.0,5.65,4.99,,0.50719738,3121.0,0.32859869,0.93346875,5.857e-05,8.66089524,-7.31295196,22.64,657801.9425036,2023-08-05 20:00:00+00:00,26000,29053.73
2023-08-05,21,BTC-230825-26000-C,BTCUSDT,C,230825-26000,5000.0,5000.0,5000.0,5000.0,0.0,0.0,3030.0,3385.0,5.65,3.0,,0.51941395,3143.0,0.33470697,0.93137711,5.891e-05,8.86686285,-7.64240102,22.64,658238.97742418,2023-08-05 21:00:00+00:00,26000,29073.45
2023-08-05,22,BTC-230825-26000-C,BTCUSDT,C,230825-26000,5000.0,5000.0,5000.0,5000.0,0.0,0.0,3030.0,3385.0,5.65,3.0,,0.51129341,3155.0,0.33064671,0.93479571,5.735e-05,8.51891206,-7.26902845,22.64,658611.59948136,2023-08-05 22:00:00+00:00,26000,29090.6
2023-08-05,23,BTC-230825-26000-C,BTCUSDT,C,230825-26000,5000.0,5000.0,5000.0,5000.0,0.0,0.0,3030.0,3390.0,5.65,3.57,,0.52415848,3144.0,0.33707924,0.9303939,5.927e-05,8.94500088,-7.79785936,22.64,658209.06774508,2023-08-05 23:00:00+00:00,26000,29072.13
2023-08-06,0,BTC-230825-26000-C,BTCUSDT,C,230825-26000,5000.0,5000.0,5000.0,5000.0,0.0,0.0,3030.0,3385.0,5.65,3.0,,0.52521229,3138.0,0.33760614,0.92989151,5.959e-05,8.98280675,-7.85999722,22.64,657986.21799571,2023-08-06 00:00:00+00:00,26000,29067.5
2023-08-06,1,BTC-230825-26000-C,BTCUSDT,C,230825-26000,5000.0,5000.0,5000.0,5000.0,0.0,0.0,3030.0,3350.0,5.65,4.94,,0.51859379,3109.0,0.33429689,0.93028513,6.004e-05,8.92578719,-7.75028868,22.64,657443.95516475,2023-08-06 01:00:00+00:00,26000,29038.43
2023-08-06,2,BTC-230825-26000-C,BTCUSDT,C,230825-26000,5000.0,5000.0,5000.0,5000.0,0.0,0.0,3030.0,3370.0,5.65,3.0,,0.51567078,3135.0,0.33283539,0.93310968,5.841e-05,8.64511617,-7.48997534,22.64,658113.25825062,2023-08-06 02:00:00+00:00,26000,29068.58
2023-08-06,3,BTC-230825-26000-C,BTCUSDT,C,230825-26000,5000.0,5000.0,5000.0,5000.0,0.0,0.0,3030.0,3370.0,5.65,3.0,,0.51932335,3131.0,0.33466167,0.93194957,5.895e-05,8.7494708,-7.63854986,22.64,657984.97879485,2023-08-06 03:00:00+00:00,26000,29063.99
2023-08-06,4,BTC-230825-26000-C,BTCUSDT,C,230825-26000,5000.0,5000.0,5000.0,5000.0,0.0,0.0,3030.0,3370.0,5.65,3.0,,0.51335335,3140.0,0.33167667,0.93452929,5.776e-05,8.48610127,-7.35853632,22.64,658254.2556922,2023-08-06 04:00:00+00:00,26000,29073.84
2023-08-06,5,BTC-230825-26000-C,BTCUSDT,C,230825-26000,5000.0,5000.0,5000.0,5000.0,0.0,0.0,3035.0,3375.0,3.0,4.65,,0.50260544,3160.0,0.32630272,0.93918961,5.544e-05,8.01051471,-6.84851829,22.64,658685.18196927,2023-08-06 05:00:00+00:00,26000,29103.25
2023-08-06,6,BTC-230825-26000-C,BTCUSDT,C,230825-26000,5000.0,5000.0,5000.0,5000.0,0.0,0.0,3030.0,3375.0,5.65,4.65,,0.52072525,3137.0,0.33536263,0.93255196,5.86e-05,8.66314731,-7.6287809,22.64,658124.76235593,2023-08-06 06:00:00+00:00,26000,29070.18
2023-08-06,7,BTC-230825-26000-C,BTCUSDT,C,230825-26000,5000.0,5000.0,5000.0,5000.0,0.0,0.0,3030.0,3390.0,5.65,2.72,,0.51818132,3158.0,0.33409066,0.93482638,5.729e-05,8.43368873,-7.41477615,22.64,658666.37832972,2023-08-06 07:00:00+00:00,26000,29092.68
2023-08-06,8,BTC-230825-26000-C,BTCUSDT,C,230825-26000,5000.0,5000.0,5000.0,5000.0,0.0,0.0,3080.0,3410.0,2.29,4.27,,0.52080393,3177.0,0.33540196,0.93544307,5.667e-05,8.36818368,-7.40229502,22.64,659155.15851435,2023-08-06 08:00:00+00:00,26000,29112.25
2023-08-06,9,BTC-230825-26000-C,BTCUSDT,C,230825-26000,5000.0,5000.0,5000.0,5000.0,0.0,0.0,3035.0,3380.0,4.09,3.0,,0.51832199,3148.0,0.334161,0.93461672,5.757e-05,8.4332764,-7.448644,22.64,658440.10770102,2023-08-06 09:00:00+00:00,26000,29083.59
2023-08-06,10,BTC-230825-26000-C,BTCUSDT,C,230825-26000,5000.0,5000.0,5000.0,5000.0,0.0,0.0,3035.0,3380.0,4.09,3.0,,0.52625179,3138.0,0.3381259,0.93183142,5.886e-05,8.69616093,-7.7891269,22.64,658128.74301537,2023-08-06 10:00:00+00:00,26000,29070.0
2023-08-06,11,BTC-230825-26000-C,BTCUSDT,C,230825-26000,5000.0,5000.0,5000.0,5000.0,0.0,0.0,3035.0,3380.0,4.09,3.0,,0.52191257,3144.0,0.33595629,0.93377262,5.797e-05,8.49741103,-7.57900064,22.64,658335.85007584,2023-08-06 11:00:00+00:00,26000,29078.01
2023-08-06,12,BTC-230825-26000-C,BTCUSDT,C,230825-26000,5000.0,5000.0,5000.0,5000.0,0.0,0.0,3040.0,3380.0,3.0,3.0,,0.54479361,3145.0,0.37867427,0.9078969,6.622e-05,10.88327451,-10.96553475,22.64,657352.49454056,2023-08-06 12:00:00+00:00,26000,29033.13
2023-08-06,13,BTC-230825-26000-C,BTCUSDT,C,230825-26000,5000.0,5000.0,5000.0,5000.0,0.0,0.0,3040.0,3380.0,3.0,3.0,,0.55451393,3166.0,0.41136265,0.88951413,6.972e-05,12.40543909,-13.60834967,22.64,656933.51770554,2023-08-06 13:00:00+00:00,26000,29016.01
2023-08-06,14,BTC-230825-26000-C,BTCUSDT,C,230825-26000,5000.0,5000.0,5000.0,5000.0,0.0,0.0,2995.0,3320.0,3.0,3.0,,0.50736904,3099.0,0.32868452,0.93601454,5.797e-05,8.23427138,-7.23334308,22.64,657410.37581537,2023-08-06 14:00:00+00:00,26000,29038.0
2023-08-06,15,BTC-230825-26000-C,BTCUSDT,C,230825-26000,5000.0,5000.0,5000.0,5000.0,0.0,0.0,2990.0,3315.0,4.18,3.0,,0.51844358,3080.0,0.33422179,0.9316366,6.012e-05,8.65012365,-7.74390545,22.64,656865.30164407,2023-08-06 15:00:00+00:00,26000,29012.93
2023-08-06,16,BTC-230825-26000-C,BTCUSDT,C,230825-26000,5000.0,5000.0,5000.0,5000.0,0.0,0.0,2995.0,3340.0,3.0,2.74,,0.49357891,3140.0,0.32178946,0.94297806,5.413e-05,7.52055795,-6.49673757,22.64,658535.41961311,2023-08-06 16:00:00+00:00,26000,29089.31
2023-08-06,17,BTC-230825-26000-C,BTCUSDT,C,230825-26000,5000.0,5000.0,5000.0,5000.0,0.0,0.0,3040.0,3390.0,5.36,3.42,,0.52645683,3154.0,0.33822842,0.93433471,5.757e-05,8.38811687,-7.63344678,22.64,658561.8288,2023-08-06 17:00:00+00:00,26000,29088.54
2023-08-06,18,BTC-230825-26000-C,BTCUSDT,C,230825-26000,5000.0,5000.0,5000.0,5000.0,0.0,0.0,3040.0,3400.0,5.36,4.11,,0.53370953,3156.0,0.34185476,0.93253814,5.823e-05,8.55540436,-7.88684199,22.64,658544.88611864,2023-08-06 18:00:00+00:00,26000,29087.82
2023-08-06,19,BTC-230825-26000-C,BTCUSDT,C,230825-26000,5000.0,5000.0,5000.0,5000.0,0.0,0.0,3040.0,3405.0,5.36,5.88,,0.53738117,3157.0,0.34369059,0.93175947,5.85e-05,8.6218961,-8.00881802,22.64,658547.23603043,2023-08-06 19:00:00+00:00,26000,29088.0
2023-08-06,20,BTC-230825-26000-C,BTCUSDT,C,230825-26000,5000.0,5000.0,5000.0,5000.0,0.0,0.0,3045.0,3400.0,3.0,5.2,,0.51156998,3186.0,0.33078499,0.94127515,5.406e-05,7.67325857,-6.87547762,22.64,659333.38009672,2023-08-06 20:00:00+00:00,26000,29135.78
2023-08-06,21,BTC-230825-26000-C,BTCUSDT,C,230825-26000,5000.0,5000.0,5000.0,5000.0,0.0,0.0,3035.0,3360.0,3.99,3.95,,0.51119328,3143.0,0.33059664,0.93908585,5.581e-05,7.87527596,-7.06842928,22.64,658121.65992972,2023-08-06 21:00:00+00:00,26000,29086.58
2023-08-06,22,BTC-230825-26000-C,BTCUSDT,C,230825-26000,5000.0,5000.0,5000.0,5000.0,0.0,0.0,3080.0,3415.0,4.45,3.0,,0.53907871,3168.0,0.34453936,0.93263901,5.794e-05,8.51061105,-7.97888056,22.64,658825.09716927,2023-08-06 22:00:00+00:00,26000,29100.0
2023-08-06,23,BTC-230825-26000-C,BTCUSDT,C,230825-26000,5000.0,5000.0,5000.0,5000.0,0.0,0.0,3080.0,3415.0,4.45,3.0,,0.54566383,3160.0,0.34783192,0.93041322,5.894e-05,8.71343012,-8.26583778,22.64,658593.95520881,2023-08-06 23:00:00+00:00,26000,29088.42
2023-08-07,0,BTC-230825-26000-C,BTCUSDT,C,230825-26000,5000.0,5000.0,5000.0,5000.0,0.0,0.0,2995.0,3370.0,3.01,5.35,,0.53561211,3124.0,0.34280605,0.93137372,5.93e-05,8.60093179,-8.05954337,22.64,657681.41393401,2023-08-07 00:00:00+00:00,26000,29055.99
2023-08-07,1,BTC-230825-26000-C,BTCUSDT,C,230825-26000,5000.0,5000.0,5000.0,5000.0,0.0,0.0,3100.0,3435.0,3.25,4.8,,0.52984238,3205.0,0.33992119,0.93821228,5.502e-05,7.94332919,-7.39754571,22.64,659706.46490554,2023-08-07 01:00:00+00:00,26000,29145.4
2023-08-07,2,BTC-230825-26000-C,BTCUSDT,C,230825-26000,5000.0,5000.0,5000.0,5000.0,0.0,0.0,3145.0,3505.0,5.4,3.0,,0.5466795,3261.0,0.34833975,0.93694035,5.452e-05,8.07599755,-7.72500458,22.64,660996.48712972,2023-08-07 02:00:00+00:00,26000,29197.0
2023-08-07,3,BTC-230825-26000-C,BTCUSDT,C,230825-26000,5000.0,5000.0,5000.0,5000.0,0.0,0.0,3145.0,3505.0,5.4,3.0,,0.56563854,3236.0,0.35781927,0.930279,5.75e-05,8.70871965,-8.57654789,22.64,660249.95925266,2023-08-07 03:00:00+00:00,26000,29162.67
2023-08-07,4,BTC-230825-26000-C,BTCUSDT,C,230825-26000,5000.0,5000.0,5000.0,5000.0,0.0,0.0,3145.0,3505.0,5.4,3.0,,0.5552578,3251.0,0.3526289,0.9343857,5.57e-05,8.30615285,-8.07996596,22.64,660728.53402192,2023-08-07 04:00:00+00:00,26000,29183.27
2023-08-07,5,BTC-230825-26000-C,BTCUSDT,C,230825-26000,5000.0,5000.0,5000.0,5000.0,0.0,0.0,3095.0,3430.0,4.95,3.0,,0.53813457,3191.0,0.34406729,0.93593294,5.621e-05,8.12866433,-7.73310331,22.64,659448.96600429,2023-08-07 05:00:00+00:00,26000,29127.62
2023-08-07,6,BTC-230825-26000-C,BTCUSDT,C,230825-26000,5000.0,5000.0,5000.0,5000.0,0.0,0.0,3045.0,3365.0,3.0,3.0,,0.53634644,3122.0,0.34317322,0.93243149,5.894e-05,8.44002701,-8.02694513,22.64,657930.12801763,2023-08-07 06:00:00+00:00,26000,29052.0
2023-08-07,7,BTC-230825-26000-C,BTCUSDT,C,230825-26000,5000.0,5000.0,5000.0,5000.0,0.0,0.0,3075.0,3395.0,3.0,3.0,,0.53497791,3158.0,0.34248896,0.93529442,5.71e-05,8.16327379,-7.76619257,22.64,658687.61017153,2023-08-07 07:00:00+00:00,26000,29094.09
2023-08-07,8,BTC-230825-26000-C,BTCUSDT,C,230825-26000,5000.0,5000.0,5000.0,5000.0,0.0,0.0,3020.0,3370.0,4.73,2.71,,0.53574324,3130.0,0.34287162,0.9335723,5.834e-05,8.31302585,-7.9358667,22.64,658042.89263299,2023-08-07 08:00:00+00:00,26000,29063.01
2023-08-07,9,BTC-230825-26000-C,BTCUSDT,C,230825-26000,5000.0,5000.0,5000.0,5000.0,0.0,0.0,3090.0,3415.0,2.4,3.0,,0.55021286,3162.0,0.35010643,0.93153841,5.849e-05,8.50727385,-8.31195169,22.64,658671.75221989,2023-08-07 09:00:00+00:00,26000,29092.01
2023-08-07,10,BTC-230825-26000-C,BTCUSDT,C,230825-26000,5000.0,5000.0,5000.0,5000.0,0.0,0.0,3075.0,3405.0,3.0,5.9,,0.51704884,3194.0,0.33352442,0.94320373,5.305e-05,7.358073,-6.86460258,22.64,659597.49933198,2023-08-07 10:00:00+00:00,26000,29143.23
2023-08-07,11,BTC-230825-26000-C,BTCUSDT,C,230825-26000,5000.0,5000.0,5000.0,5000.0,0.0,0.0,3075.0,3395.0,3.0,3.0,,0.53907394,3156.0,0.34453697,0.93488694,5.731e-05,8.16426147,-7.88660215,22.64,658618.27206147,2023-08-07 11:00:00+00:00,26000,29091.44
2023-08-07,12,BTC-230825-26000-C,BTCUSDT,C,230825-26000,5000.0,5000.0,5000.0,5000.0,0.0,0.0,3095.0,3410.0,3.0,3.0,,0.55639267,3208.0,0.4106617,0.8996032,6.676e-05,11.29931078,-13.04034977,22.64,658317.22225944,2023-08-07 12:00:00+00:00,26000,29079.25
2023-08-07,13,BTC-230825-26000-C,BTCUSDT,C,230825-26000,5000.0,5000.0,5000.0,5000.0,0.0,0.0,3055.0,3370.0,3.0,3.0,,0.55587292,3172.0,0.41573763,0.89416496,6.871e-05,11.70841167,-13.71161728,22.64,657450.88648791,2023-08-07 13:00:00+00:00,26000,29030.51
2023-08-07,14,BTC-230825-26000-C,BTCUSDT,C,230825-26000,5000.0,5000.0,5000.0,5000.0,0.0,0.0,2955.0,3305.0,3.0,3.33,,0.51959991,3083.0,0.33479996,0.93681799,5.795e-05,7.92887996,-7.4953043,22.64,657035.07427684,2023-08-07 14:00:00+00:00,26000,29023.99
2023-08-07,15,BTC-230825-26000-C,BTCUSDT,C,230825-26000,5000.0,5000.0,5000.0,5000.0,0.0,0.0,2975.0,3290.0,5.0,3.0,,0.59380293,3115.0,0.48661828,0.84805429,7.612e-05,14.93120201,-20.56355968,22.64,653279.43663299,2023-08-07 15:00:00+00:00,26000,28858.44
2023-08-07,16,BTC-230825-26000-C,BTCUSDT,C,230825-26000,5000.0,5000.0,5000.0,5000.0,0.0,0.0,2865.0,3250.0,3.0,5.55,,0.53286314,3006.0,0.34143157,0.92832218,6.298e-05,8.6941732,-8.42117236,22.64,654945.17587684,2023-08-07 16:00:00+00:00,26000,28938.0
2023-08-07,17,BTC-230825-26000-C,BTCUSDT,C,230825-26000,5000.0,5000.0,5000.0,5000.0,0.0,0.0,2840.0,3265.0,3.0,3.86,,0.51945925,3041.0,0.33472962,0.93492558,5.961e-05,8.07200804,-7.68323726,22.64,656106.43372316,2023-08-07 17:00:00+00:00,26000,28981.32
2023-08-07,18,BTC-230825-26000-C,BTCUSDT,C,230825-26000,5000.0,5000.0,5000.0,5000.0,0.0,0.0,3070.0,3405.0,2.38,3.0,,0.54878235,3159.0,0.34939117,0.93396523,5.76e-05,8.18659381,-8.15293607,22.64,658685.96068565,2023-08-07 18:00:00+00:00,26000,29094.43
2023-08-07,19,BTC-230825-26000-C,BTCUSDT,C,230825-26000,5000.0,5000.0,5000.0,5000.0,0.0,0.0,3110.0,3440.0,3.53,3.76,,0.54149628,3209.0,0.34574814,0.93920351,5.454e-05,7.68208831,-7.58875993,22.64,659642.48575819,2023-08-07 19:00:00+00:00,26000,29154.91
2023-08-07,20,BTC-230825-26000-C,BTCUSDT,C,230825-26000,5000.0,5000.0,5000.0,5000.0,0.0,0.0,3115.0,3470.0,3.0,4.43,,0.53361416,3253.0,0.34180708,0.94406973,5.164e-05,7.19863526,-7.04690079,22.64,661073.14218893,2023-08-07 20:00:00+00:00,26000,29198.99
2023-08-07,21,BTC-230825-26000-C,BTCUSDT,C,230825-26000,5000.0,5000.0,5000.0,5000.0,0.0,0.0,3120.0,3480.0,3.0,3.0,,0.54252625,3253.0,0.34626312,0.9419105,5.259e-05,7.40704704,-7.36302067,22.64,661076.70239119,2023-08-07 21:00:00+00:00,26000,29196.42
2023-08-07,22,BTC-230825-26000-C,BTCUSDT,C,230825-26000,5000.0,5000.0,5000.0,5000.0,0.0,0.0,3120.0,3475.0,3.0,3.0,,0.5491066,3240.0,0.3495533,0.93959494,5.381e-05,7.62419349,-7.66923802,22.64,660605.26544181,2023-08-07 22:00:00+00:00,26000,29181.18
2023-08-07,23,BTC-230825-26000-C,BTCUSDT,C,230825-26000,5000.0,5000.0,5000.0,5000.0,0.0,0.0,3170.0,3505.0,5.34,3.0,,0.55136442,3271.0,0.35068221,0.94097307,5.268e-05,7.48692833,-7.57364661,22.64,661411.94854508,2023-08-07 23:00:00+00:00,26000,29211.06
2023-08-08,0,BTC-230825-26000-C,BTCUSDT,C,230825-26000,5000.0,5000.0,5000.0,5000.0,0.0,0.0,3200.0,3540.0,3.0,4.18,,0.54862976,3314.0,0.34931488,0.94428258,5.052e-05,7.15752182,-7.22957264,22.64,662299.18277808,2023-08-08 00:00:00+00:00,26000,29260.1
2023-08-08,1,BTC-230825-26000-C,BTCUSDT,C,230825-26000,5000.0,5000.0,5000.0,5000.0,0.0,0.0,3135.0,3490.0,2.43,3.0,,0.57709217,3222.0,0.36354609,0.93148116,5.733e-05,8.36985591,-8.81978641,22.64,659995.54038689,2023-08-08 01:00:00+00:00,26000,29151.86
2023-08-08,2,BTC-230825-26000-C,BTCUSDT,C,230825-26000,5000.0,5000.0,5000.0,5000.0,0.0,0.0,3135.0,3495.0,2.43,3.0,,0.57107449,3237.0,0.36053724,0.93428458,5.6e-05,8.09912619,-8.48436222,22.64,660379.26848362,2023-08-08 02:00:00+00:00,26000,29173.04
2023-08-08,3,BTC-230825-26000-C,BTCUSDT,C,230825-26000,5000.0,5000.0,5000.0,5000.0,0.0,0.0,3185.0,3520.0,5.57,3.0,,0.57314873,3263.0,0.36157436,0.93549459,5.505e-05,7.98093131,-8.40494625,22.64,661013.95973627,2023-08-08 03:00:00+00:00,26000,29195.08
2023-08-08,4,BTC-230825-26000-C,BTCUSDT,C,230825-26000,5000.0,5000.0,5000.0,5000.0,0.0,0.0,3215.0,3555.0,4.06,3.0,,0.58077335,3292.0,0.36538668,0.93539924,5.456e-05,7.98830826,-8.52210055,22.64,661579.69850554,2023-08-08 04:00:00+00:00,26000,29225.63
2023-08-08,5,BTC-230825-26000-C,BTCUSDT,C,230825-26000,5000.0,5000.0,5000.0,5000.0,0.0,0.0,3215.0,3580.0,2.0,3.0,,0.58460712,3316.0,0.36730356,0.93597569,5.391e-05,7.92971643,-8.52471547,22.64,662261.61779345,2023-08-08 05:00:00+00:00,26000,29249.12
2023-08-08,6,BTC-230825-26000-C,BTCUSDT,C,230825-26000,5000.0,5000.0,5000.0,5000.0,0.0,0.0,3220.0,3580.0,3.0,3.0,,0.59880257,3298.0,0.37440128,0.93131188,5.597e-05,8.3560632,-9.17902786,22.64,661726.93563073,2023-08-08 06:00:00+00:00,26000,29224.01
2023-08-08,7,BTC-230825-26000-C,BTCUSDT,C,230825-26000,5000.0,5000.0,5000.0,5000.0,0.0,0.0,3165.0,3480.0,3.0,3.0,,0.55431843,3246.0,0.35215921,0.9406002,5.328e-05,7.44485779,-7.71109848,22.64,660938.57102418,2023-08-08 07:00:00+00:00,26000,29187.62
2023-08-08,8,BTC-230825-26000-C,BTCUSDT,C,230825-26000,5000.0,5000.0,5000.0,5000.0,0.0,0.0,3160.0,3820.0,3.0,4.43,,0.75944662,3341.0,0.45472331,0.8901383,6.568e-05,11.81739293,-15.8436571,22.64,660702.85628136,2023-08-08 08:00:00+00:00,26000,29182.01
2023-08-08,9,BTC-230825-26000-C,BTCUSDT,C,230825-26000,5000.0,5000.0,5000.0,5000.0,0.0,0.0,3160.0,3490.0,3.0,3.0,,0.55350304,3260.0,0.35175152,0.9420532,5.241e-05,7.2874915,-7.57650575,22.64,661179.98557356,2023-08-08 09:00:00+00:00,26000,29204.0
2023-08-08,10,BTC-230825-26000-C,BTCUSDT,C,230825-26000,5000.0,5000.0,5000.0,5000.0,0.0,0.0,3240.0,3580.0,5.29,3.0,,0.55953503,3352.0,0.35476751,0.94571064,4.926e-05,6.93659426,-7.29148625,22.64,663344.76017582,2023-08-08 10:00:00+00:00,26000,29300.21
2023-08-08,11,BTC-230825-26000-C,BTCUSDT,C,230825-26000,5000.0,5000.0,5000.0,5000.0,0.0,0.0,3365.0,3710.0,3.0,3.0,,0.573349,3480.0,0.3616745,0.94889935,4.591e-05,6.63240963,-7.1250647,22.64,666259.2272791,2023-08-08 11:00:00+00:00,26000,29438.63
2023-08-08,12,BTC-230825-26000-C,BTCUSDT,C,230825-26000,5000.0,5000.0,5000.0,5000.0,0.0,0.0,3525.0,3900.0,2.17,3.48,,0.61480522,3639.0,0.38240261,0.94686996,4.461e-05,6.86794136,-7.82029845,22.64,670064.66794734,2023-08-08 12:00:00+00:00,26000,29578.57
2023-08-08,13,BTC-230825-26000-C,BTCUSDT,C,230825-26000,5000.0,5000.0,5000.0,5000.0,0.0,0.0,3365.0,3705.0,3.0,3.0,,0.60917854,3449.0,0.40270329,0.92698419,5.475e-05,8.72391299,-10.48700296,22.64,665167.25778463,2023-08-08 13:00:00+00:00,26000,29362.45
2023-08-08,14,BTC-230825-26000-C,BTCUSDT,C,230825-26000,5000.0,5000.0,5000.0,5000.0,0.0,0.0,3410.0,3800.0,4.52,3.0,,0.63016415,3509.0,0.39008207,0.93709119,5.031e-05,7.7861311,-9.08896177,22.64,666526.85695819,2023-08-08 14:00:00+00:00,26000,29439.12
2023-08-08,15,BTC-230825-26000-C,BTCUSDT,C,230825-26000,5000.0,5000.0,5000.0,5000.0,0.0,0.0,3500.0,3870.0,3.43,3.0,,0.6236124,3597.0,0.3868062,0.94344573,4.658e-05,7.17727788,-8.328641,22.64,668756.39191209,2023-08-08 15:00:00+00:00,26000,29535.39
2023-08-08,16,BTC-230825-26000-C,BTCUSDT,C,230825-26000,5000.0,5000.0,5000.0,5000.0,0.0,0.0,3680.0,4055.0,3.0,3.0,,0.62653542,3800.0,0.38826771,0.95228341,4.03e-05,6.30824866,-7.36627832,22.64,673270.91738011,2023-08-08 16:00:00+00:00,26000,29748.0
2023-08-08,17,BTC-230825-26000-C,BTCUSDT,C,230825-26000,5000.0,5000.0,5000.0,5000.0,0.0,0.0,3745.0,4130.0,3.0,3.0,,0.6464386,3859.0,0.3982193,0.9507075,4.031e-05,6.47825549,-7.77818461,22.64,674746.29651864,2023-08-08 17:00:00+00:00,26000,29808.56
2023-08-08,18,BTC-230825-26000-C,BTCUSDT,C,230825-26000,5000.0,5000.0,5000.0,5000.0,0.0,0.0,3725.0,4145.0,3.0,3.0,,0.63057899,3896.0,0.3902895,0.95578671,3.768e-05,5.93846524,-7.00569972,22.64,675527.73229017,2023-08-08 18:00:00+00:00,26000,29847.49
2023-08-08,19,BTC-230825-26000-C,BTCUSDT,C,230825-26000,5000.0,5000.0,5000.0,5000.0,0.0,0.0,3795.0,4185.0,3.0,3.0,,0.63956261,3930.0,0.3947813,0.95548702,3.746e-05,5.96997641,-7.14191945,22.64,676358.84917808,2023-08-08 19:00:00+00:00,26000,29884.24
2023-08-08,20,BTC-230825-26000-C,BTCUSDT,C,230825-26000,5000.0,5000.0,5000.0,5000.0,0.0,0.0,3880.0,4280.0,3.0,3.0,,0.64763546,4027.0,0.39881773,0.95773631,3.549e-05,5.73678314,-6.95067104,22.64,678554.72516927,2023-08-08 20:00:00+00:00,26000,29980.0
2023-08-08,21,BTC-230825-26000-C,BTCUSDT,C,230825-26000,5000.0,5000.0,5000.0,5000.0,0.0,0.0,3785.0,4190.0,3.0,3.0,,0.66351414,3908.0,0.40675707,0.95000075,4.005e-05,6.52951047,-8.08910457,22.64,675695.99476045,2023-08-08 21:00:00+00:00,26000,29854.98
2023-08-08,22,BTC-230825-26000-C,BTCUSDT,C,230825-26000,5000.0,5000.0,5000.0,5000.0,0.0,0.0,3660.0,4075.0,3.0,3.0,,0.63458443,3818.0,0.39229221,0.95257147,3.997e-05,6.23409234,-7.46743254,22.64,674101.79428697,2023-08-08 22:00:00+00:00,26000,29768.01
2023-08-08,23,BTC-230825-26000-C,BTCUSDT,C,230825-26000,5000.0,5000.0,5000.0,5000.0,0.0,0.0,3710.0,4105.0,4.66,3.0,,0.65387249,3827.0,0.40193624,0.94906686,4.135e-05,6.59185966,-8.11073095,22.64,674182.61525266,2023-08-08 23:00:00+00:00,26000,29770.42
2023-08-09,0,BTC-230825-26000-C,BTCUSDT,C,230825-26000,5000.0,5000.0,5000.0,5000.0,0.0,0.0,3710.0,4100.0,3.0,3.0,,0.64505577,3834.0,0.39752789,0.95146513,4.027e-05,6.33713324,-7.73151525,22.64,674328.48651435,2023-08-09 00:00:00+00:00,26000,29782.01
2023-08-09,1,BTC-230825-26000-C,BTCUSDT,C,230825-26000,5000.0,5000.0,5000.0,5000.0,0.0,0.0,3775.0,4670.0,3.0,1.5,,0.95292091,4041.0,0.55146046,0.89368715,5.282e-05,11.55788543,-19.61142227,22.64,676020.09258011,2023-08-09 01:00:00+00:00,26000,29853.15
2023-08-09,2,BTC-230825-26000-C,BTCUSDT,C,230825-26000,5000.0,5000.0,5000.0,5000.0,0.0,0.0,3640.0,4275.0,4.13,3.0,,0.80461979,3814.0,0.47730989,0.91477651,5.22e-05,9.75588241,-14.36475849,22.64,672460.53811775,2023-08-09 02:00:00+00:00,26000,29692.19
2023-08-09,3,BTC-230825-26000-C,BTCUSDT,C,230825-26000,5000.0,5000.0,5000.0,5000.0,0.0,0.0,3635.0,4285.0,3.0,5.43,,0.80132484,3832.0,0.47566242,0.91682743,5.147e-05,9.57373214,-14.0841073,22.64,672791.3830964,2023-08-09 03:00:00+00:00,26000,29716.01
2023-08-09,4,BTC-230825-26000-C,BTCUSDT,C,230825-26000,5000.0,5000.0,5000.0,5000.0,0.0,0.0,3635.0,4285.0,3.0,5.43,,0.77872753,3866.0,0.46436377,0.92418208,4.913e-05,8.92894791,-12.85667255,22.64,673895.49098725,2023-08-09 04:00:00+00:00,26000,29762.1
2023-08-09,5,BTC-230825-26000-C,BTCUSDT,C,230825-26000,5000.0,5000.0,5000.0,5000.0,0.0,0.0,3690.0,4290.0,4.24,5.8,,0.79589367,3848.0,0.47294683,0.91956344,5.057e-05,9.31811437,-13.70042339,22.64,673221.44524836,2023-08-09 05:00:00+00:00,26000,29735.98
2023-08-09,6,BTC-230825-26000-C,BTCUSDT,C,230825-26000,5000.0,5000.0,5000.0,5000.0,0.0,0.0,3640.0,4285.0,3.0,3.0,,0.79906464,3839.0,0.47453232,0.9186269,5.092e-05,9.38437482,-13.88006003,22.64,673040.19477472,2023-08-09 06:00:00+00:00,26000,29725.52
2023-08-09,7,BTC-230825-26000-C,BTCUSDT,C,230825-26000,5000.0,5000.0,5000.0,5000.0,0.0,0.0,3690.0,4115.0,3.0,2.23,,0.639534,3864.0,0.394767,0.95536134,3.821e-05,5.87931557,-7.25299401,22.64,675098.82370983,2023-08-09 07:00:00+00:00,26000,29818.0
2023-08-09,8,BTC-230825-26000-C,BTCUSDT,C,230825-26000,5000.0,5000.0,5000.0,5000.0,0.0,0.0,3745.0,4135.0,3.0,3.0,,0.64462662,3881.0,0.39731331,0.95520635,3.81e-05,5.8913073,-7.33376427,22.64,675446.71094508,2023-08-09 08:00:00+00:00,26000,29836.4
2023-08-09,9,BTC-230825-26000-C,BTCUSDT,C,230825-26000,5000.0,5000.0,5000.0,5000.0,0.0,0.0,3745.0,4135.0,3.0,3.0,,0.67698956,3842.0,0.41349478,0.94697456,4.202e-05,6.72110424,-8.7302811,22.64,674304.39357356,2023-08-09 09:00:00+00:00,26000,29781.78
2023-08-09,10,BTC-230825-26000-C,BTCUSDT,C,230825-26000,5000.0,5000.0,5000.0,5000.0,0.0,0.0,3745.0,4135.0,3.0,3.0,,0.64135551,3887.0,0.39567776,0.95652381,3.744e-05,5.73768538,-7.1504656,22.64,675459.8471209,2023-08-09 10:00:00+00:00,26000,29842.45
2023-08-09,11,BTC-230825-26000-C,BTCUSDT,C,230825-26000,5000.0,5000.0,5000.0,5000.0,0.0,0.0,3750.0,4175.0,3.0,2.51,,0.64213276,3932.0,0.39606638,0.9582784,3.617e-05,5.5510356,-6.94287463,22.64,676404.52226802,2023-08-09 11:00:00+00:00,26000,29888.32
2023-08-09,12,BTC-230825-26000-C,BTCUSDT,C,230825-26000,5000.0,5000.0,5000.0,5000.0,0.0,0.0,3950.0,4370.0,3.0,5.12,,0.67164421,4113.0,0.41082211,0.95946216,3.39e-05,5.44856323,-7.08724615,22.64,680474.4304791,2023-08-09 12:00:00+00:00,26000,30076.32
2023-08-09,13,BTC-230825-26000-C,BTCUSDT,C,230825-26000,5000.0,5000.0,5000.0,5000.0,0.0,0.0,3825.0,4220.0,3.0,2.41,,0.67837715,3939.0,0.41418858,0.95174293,3.899e-05,6.22391126,-8.18371761,22.64,676527.42761311,2023-08-09 13:00:00+00:00,26000,29886.73
2023-08-09,14,BTC-230825-26000-C,BTCUSDT,C,230825-26000,5000.0,5000.0,5000.0,5000.0,0.0,0.0,3720.0,4090.0,3.0,3.0,,0.66503525,3812.0,0.40751762,0.94938441,4.14e-05,6.42921424,-8.33957405,22.64,674131.16274282,2023-08-09 14:00:00+00:00,26000,29755.4
2023-08-09,15,BTC-230825-26000-C,BTCUSDT,C,230825-26000,5000.0,5000.0,5000.0,5000.0,0.0,0.0,3700.0,4100.0,2.63,3.0,,0.67051411,3817.0,0.41025705,0.94868044,4.163e-05,6.49254994,-8.50089077,22.64,673695.59899774,2023-08-09 15:00:00+00:00,26000,29761.7
2023-08-09,16,BTC-230825-26000-C,BTCUSDT,C,230825-26000,5000.0,5000.0,5000.0,5000.0,0.0,0.0,3525.0,3900.0,5.31,3.0,,0.67085266,3594.0,0.41042633,0.9382114,4.862e-05,7.44616502,-9.77951975,22.64,668991.32296271,2023-08-09 16:00:00+00:00,26000,29513.42
2023-08-09,17,BTC-230825-26000-C,BTCUSDT,C,230825-26000,5000.0,5000.0,5000.0,5000.0,0.0,0.0,3460.0,3825.0,3.27,3.0,,0.62648773,3568.0,0.38824387,0.94745754,4.531e-05,6.5428919,-8.15048906,22.64,668120.03375819,2023-08-09 17:00:00+00:00,26000,29515.27
2023-08-09,18,BTC-230825-26000-C,BTCUSDT,C,230825-26000,5000.0,5000.0,5000.0,5000.0,0.0,0.0,3465.0,3835.0,3.0,3.0,,0.62868595,3578.0,0.38934298,0.94764081,4.511e-05,6.5181344,-8.16446526,22.64,668433.78435164,2023-08-09 18:00:00+00:00,26000,29525.01
2023-08-09,19,BTC-230825-26000-C,BTCUSDT,C,230825-26000,5000.0,5000.0,5000.0,5000.0,0.0,0.0,3410.0,3770.0,2.21,3.0,,0.64808369,3482.0,0.39904184,0.9384834,5.022e-05,7.36331189,-9.4782818,22.64,666236.26385062,2023-08-09 19:00:00+00:00,26000,29416.22
2023-08-09,20,BTC-230825-26000-C,BTCUSDT,C,230825-26000,5000.0,5000.0,5000.0,5000.0,0.0,0.0,3435.0,3790.0,2.8,3.0,,0.61370373,3548.0,0.38185186,0.95010674,4.442e-05,6.25039579,-7.71986036,22.64,667679.66585492,2023-08-09 20:00:00+00:00,26000,29500.33
2023-08-09,21,BTC-230825-26000-C,BTCUSDT,C,230825-26000,5000.0,5000.0,5000.0,5000.0,0.0,0.0,3450.0,3850.0,3.0,3.0,,0.64064503,3583.0,0.39532251,0.94586927,4.579e-05,6.66583511,-8.54644123,22.64,668178.17626373,2023-08-09 21:00:00+00:00,26000,29526.89
2023-08-09,22,BTC-230825-26000-C,BTCUSDT,C,230825-26000,5000.0,5000.0,5000.0,5000.0,0.0,0.0,3515.0,3880.0,3.0,3.0,,0.61690331,3646.0,0.38345165,0.95425491,4.123e-05,5.83517391,-7.2764403,22.64,670063.55336271,2023-08-09 22:00:00+00:00,26000,29601.91
2023-08-09,23,BTC-230825-26000-C,BTCUSDT,C,230825-26000,5000.0,5000.0,5000.0,5000.0,0.0,0.0,3515.0,3890.0,3.0,3.0,,0.63734055,3633.0,0.39367027,0.94947687,4.357e-05,6.30529299,-8.09414523,22.64,669652.91600881,2023-08-09 23:00:00+00:00,26000,29581.99
2023-08-10,0,BTC-230825-26000-C,BTCUSDT,C,230825-26000,5000.0,5000.0,5000.0,5000.0,0.0,0.0,3515.0,3890.0,3.0,3.0,,0.61464787,3661.0,0.38232393,0.95584162,4.028e-05,5.65967239,-7.07518224,22.64,670259.33960429,2023-08-10 00:00:00+00:00,26000,29620.0
2023-08-10,1,BTC-230825-26000-C,BTCUSDT,C,230825-26000,5000.0,5000.0,5000.0,5000.0,0.0,0.0,3560.0,3950.0,5.4,3.0,,0.66519737,3667.0,0.40759869,0.9453951,4.484e-05,6.69428455,-8.94616235,22.64,670135.09576271,2023-08-10 01:00:00+00:00,26000,29608.68
2023-08-10,2,BTC-230825-26000-C,BTCUSDT,C,230825-26000,5000.0,5000.0,5000.0,5000.0,0.0,0.0,3560.0,3945.0,5.4,3.0,,0.67781448,3647.0,0.41390724,0.94182745,4.652e-05,7.02093974,-9.55402387,22.64,669786.24321763,2023-08-10 02:00:00+00:00,26000,29582.3
2023-08-10,3,BTC-230825-26000-C,BTCUSDT,C,230825-26000,5000.0,5000.0,5000.0,5000.0,0.0,0.0,3510.0,3885.0,3.0,3.0,,0.63669205,3632.0,0.39334602,0.95052685,4.312e-05,6.16695735,-7.99696582,22.64,669741.31401311,2023-08-10 03:00:00+00:00,26000,29582.63
2023-08-10,4,BTC-230825-26000-C,BTCUSDT,C,230825-26000,5000.0,5000.0,5000.0,5000.0,0.0,0.0,3505.0,3885.0,4.3,3.0,,0.66149235,3603.0,0.40574617,0.94385531,4.634e-05,6.79962853,-9.12040049,22.64,668850.97984181,2023-08-10 04:00:00+00:00,26000,29542.05
2023-08-10,5,BTC-230825-26000-C,BTCUSDT,C,230825-26000,5000.0,5000.0,5000.0,5000.0,0.0,0.0,3495.0,3895.0,3.0,3.0,,0.64424515,3636.0,0.39712257,0.94953308,4.35e-05,6.24881179,-8.22610713,22.64,669741.66729672,2023-08-10 05:00:00+00:00,26000,29585.84
2023-08-10,6,BTC-230825-26000-C,BTCUSDT,C,230825-26000,5000.0,5000.0,5000.0,5000.0,0.0,0.0,3495.0,3850.0,3.0,3.0,,0.65376282,3575.0,0.40188141,0.94477521,4.634e-05,6.68730802,-8.93352698,22.64,668285.4824,2023-08-10 06:00:00+00:00,26000,29517.33
2023-08-10,7,BTC-230825-26000-C,BTCUSDT,C,230825-26000,5000.0,5000.0,5000.0,5000.0,0.0,0.0,3435.0,3790.0,3.0,8.73,,0.61423779,3558.0,0.38211889,0.95298991,4.294e-05,5.873546,-7.48130387,22.64,667927.69576271,2023-08-10 07:00:00+00:00,26000,29512.0
2023-08-10,8,BTC-230825-26000-C,BTCUSDT,C,230825-26000,5000.0,5000.0,5000.0,5000.0,0.0,0.0,3435.0,3785.0,3.0,3.0,,0.60721874,3561.0,0.37860937,0.95490394,4.197e-05,5.67396882,-7.18066665,22.64,668290.76921311,2023-08-10 08:00:00+00:00,26000,29519.2
2023-08-10,9,BTC-230825-26000-C,BTCUSDT,C,230825-26000,5000.0,5000.0,5000.0,5000.0,0.0,0.0,3435.0,3785.0,3.0,3.0,,0.5997324,3571.0,0.3748662,0.95713874,4.072e-05,5.44080748,-6.83655834,22.64,668577.38414938,2023-08-10 09:00:00+00:00,26000,29534.16
2023-08-10,10,BTC-230825-26000-C,BTCUSDT,C,230825-26000,5000.0,5000.0,5000.0,5000.0,0.0,0.0,3435.0,3825.0,3.0,5.82,,0.61794758,3595.0,0.38397379,0.95453496,4.172e-05,5.7016543,-7.35893816,22.64,669031.77990895,2023-08-10 10:00:00+00:00,26000,29552.86
2023-08-10,11,BTC-230825-26000-C,BTCUSDT,C,230825-26000,5000.0,5000.0,5000.0,5000.0,0.0,0.0,3435.0,3820.0,3.0,3.0,,0.64526081,3558.0,0.39763041,0.94708733,4.562e-05,6.41677904,-8.60057684,22.64,667985.64669898,2023-08-10 11:00:00+00:00,26000,29504.01
2023-08-10,12,BTC-230825-26000-C,BTCUSDT,C,230825-26000,5000.0,5000.0,5000.0,5000.0,0.0,0.0,3505.0,3865.0,3.0,3.0,,0.64445496,3610.0,0.39722748,0.949964,4.366e-05,6.14067846,-8.24533288,22.64,669047.67665944,2023-08-10 12:00:00+00:00,26000,29560.97
2023-08-10,13,BTC-230825-26000-C,BTCUSDT,C,230825-26000,5000.0,5000.0,5000.0,5000.0,0.0,0.0,3560.0,3925.0,3.0,3.0,,0.61270714,3714.0,0.38135357,0.96116567,3.698e-05,5.01898033,-6.48815105,22.64,671675.01134056,2023-08-10 13:00:00+00:00,26000,29680.11
2023-08-10,14,BTC-230825-26000-C,BTCUSDT,C,230825-26000,5000.0,5000.0,5000.0,5000.0,0.0,0.0,3410.0,3765.0,3.0,3.0,,0.61216831,3539.0,0.38108416,0.95423036,4.258e-05,5.6894236,-7.37047303,22.64,667804.10126599,2023-08-10 14:00:00+00:00,26000,29495.76
2023-08-10,15,BTC-230825-26000-C,BTCUSDT,C,230825-26000,5000.0,5000.0,5000.0,5000.0,0.0,0.0,3405.0,3765.0,5.54,3.0,,0.63179493,3517.0,0.39089746,0.94913732,4.528e-05,6.17561473,-8.22964853,22.64,667073.94385062,2023-08-10 15:00:00+00:00,26000,29466.0
2023-08-10,16,BTC-230825-26000-C,BTCUSDT,C,230825-26000,5000.0,5000.0,5000.0,5000.0,0.0,0.0,3350.0,3730.0,3.0,3.0,,0.62932491,3482.0,0.38966246,0.94825667,4.617e-05,6.24405925,-8.31820014,22.64,666325.94561763,2023-08-10 16:00:00+00:00,26000,29431.15
2023-08-10,17,BTC-230825-26000-C,BTCUSDT,C,230825-26000,5000.0,5000.0,5000.0,5000.0,0.0,0.0,3345.0,3690.0,3.0,3.0,,0.61249256,3459.0,0.38124628,0.95116149,4.516e-05,5.95070841,-7.77834393,22.64,665734.53408362,2023-08-10 17:00:00+00:00,26000,29412.75
2023-08-10,18,BTC-230825-26000-C,BTCUSDT,C,230825-26000,5000.0,5000.0,5000.0,5000.0,0.0,0.0,3345.0,3690.0,3.0,3.0,,0.59808254,3476.0,0.37404127,0.95538816,4.283e-05,5.53027919,-7.11249631,22.64,666407.22819345,2023-08-10 18:00:00+00:00,26000,29436.0
2023-08-10,19,BTC-230825-26000-C,BTCUSDT,C,230825-26000,5000.0,5000.0,5000.0,5000.0,0.0,0.0,3345.0,3690.0,3.0,3.0,,0.59519768,3480.0,0.37259884,0.95642841,4.224e-05,5.4193059,-6.96284646,22.64,666568.42748136,2023-08-10 19:00:00+00:00,26000,29444.52
2023-08-10,20,BTC-230825-26000-C,BTCUSDT,C,230825-26000,5000.0,5000.0,5000.0,5000.0,0.0,0.0,3345.0,3690.0,3.0,3.0,,0.58804035,3489.0,0.36902018,0.9585655,4.099e-05,5.19787654,-6.63326725,22.64,666645.04273401,2023-08-10 20:00:00+00:00,26000,29453.45
2023-08-10,21,BTC-230825-26000-C,BTCUSDT,C,230825-26000,5000.0,5000.0,5000.0,5000.0,0.0,0.0,3345.0,3695.0,3.0,5.91,,0.5834341,3501.0,0.36671705,0.96023288,3.994e-05,5.02248759,-6.38785098,22.64,667105.89610554,2023-08-10 21:00:00+00:00,26000,29466.07
2023-08-10,22,BTC-230825-26000-C,BTCUSDT,C,230825-26000,5000.0,5000.0,5000.0,5000.0,0.0,0.0,3345.0,3695.0,3.0,5.91,,0.58466911,3500.0,0.36733456,0.9601771,3.997e-05,5.02084978,-6.41506137,22.64,667124.68730554,2023-08-10 22:00:00+00:00,26000,29465.01
2023-08-10,23,BTC-230825-26000-C,BTCUSDT,C,230825-26000,5000.0,5000.0,5000.0,5000.0,0.0,0.0,3345.0,3690.0,3.0,3.0,,0.58836937,3492.0,0.36918468,0.9592657,4.058e-05,5.10487136,-6.5743214,22.64,666873.21066331,2023-08-10 23:00:00+00:00,26000,29455.75
2023-08-11,0,BTC-230825-26000-C,BTCUSDT,C,230825-26000,5000.0,5000.0,5000.0,5000.0,0.0,0.0,3405.0,3755.0,3.0,3.0,,0.62141418,3527.0,0.38570709,0.95406767,4.282e-05,5.62194726,-7.58632014,22.64,667517.05840881,2023-08-11 00:00:00+00:00,26000,29481.66
2023-08-11,1,BTC-230825-26000-C,BTCUSDT,C,230825-26000,5000.0,5000.0,5000.0,5000.0,0.0,0.0,3355.0,3705.0,3.0,3.0,,0.6049633,3491.0,0.37748165,0.95622516,4.22e-05,5.39455355,-7.14506431,22.64,666781.87789898,2023-08-11 01:00:00+00:00,26000,29450.01
2023-08-11,2,BTC-230825-26000-C,BTCUSDT,C,230825-26000,5000.0,5000.0,5000.0,5000.0,0.0,0.0,3255.0,3595.0,3.0,4.13,,0.57174683,3408.0,0.36087341,0.95985074,4.133e-05,5.00920057,-6.36135778,22.64,664945.07479571,2023-08-11 02:00:00+00:00,26000,29373.02
2023-08-11,3,BTC-230825-26000-C,BTCUSDT,C,230825-26000,5000.0,5000.0,5000.0,5000.0,0.0,0.0,3305.0,3645.0,3.0,4.86,,0.58810234,3446.0,0.36905117,0.95826542,4.171e-05,5.16773634,-6.73114443,22.64,665798.64260226,2023-08-11 03:00:00+00:00,26000,29412.0
2023-08-11,4,BTC-230825-26000-C,BTCUSDT,C,230825-26000,5000.0,5000.0,5000.0,5000.0,0.0,0.0,3305.0,3645.0,3.0,4.86,,0.58357239,3452.0,0.36678619,0.95969683,4.085e-05,5.01741572,-6.51439755,22.64,665962.6706461,2023-08-11 04:00:00+00:00,26000,29416.82
2023-08-11,5,BTC-230825-26000-C,BTCUSDT,C,230825-26000,5000.0,5000.0,5000.0,5000.0,0.0,0.0,3305.0,3675.0,3.0,2.7,,0.57878017,3491.0,0.36439009,0.96251638,3.876e-05,4.72941415,-6.11840313,22.64,666896.40120472,2023-08-11 05:00:00+00:00,26000,29461.57
2023-08-11,6,BTC-230825-26000-C,BTCUSDT,C,230825-26000,5000.0,5000.0,5000.0,5000.0,0.0,0.0,3350.0,3700.0,3.0,3.0,,0.59734344,3499.0,0.37367172,0.95930391,4.047e-05,5.05009181,-6.71955471,22.64,667025.13599119,2023-08-11 06:00:00+00:00,26000,29462.01
2023-08-11,7,BTC-230825-26000-C,BTCUSDT,C,230825-26000,5000.0,5000.0,5000.0,5000.0,0.0,0.0,3350.0,3665.0,3.0,3.0,,0.60259342,3455.0,0.37629671,0.95655484,4.25e-05,5.30817882,-7.13374493,22.64,666035.75306373,2023-08-11 07:00:00+00:00,26000,29417.28
2023-08-11,8,BTC-230825-26000-C,BTCUSDT,C,230825-26000,5000.0,5000.0,5000.0,5000.0,0.0,0.0,3325.0,3670.0,3.0,3.8,,0.60940742,3454.0,0.37970371,0.95529138,4.317e-05,5.42369735,-7.37694201,22.64,665919.4692236,2023-08-11 08:00:00+00:00,26000,29413.22
2023-08-11,9,BTC-230825-26000-C,BTCUSDT,C,230825-26000,5000.0,5000.0,5000.0,5000.0,0.0,0.0,3320.0,3665.0,3.0,3.0,,0.62441349,3433.0,0.38720675,0.95127627,4.547e-05,5.79719327,-8.06482803,22.64,665222.7858164,2023-08-11 09:00:00+00:00,26000,29386.42
2023-08-11,10,BTC-230825-26000-C,BTCUSDT,C,230825-26000,5000.0,5000.0,5000.0,5000.0,0.0,0.0,3265.0,3630.0,3.0,3.0,,0.59200287,3431.0,0.37100143,0.95843429,4.181e-05,5.09504748,-6.81177783,22.64,665484.3396922,2023-08-11 10:00:00+00:00,26000,29393.28
2023-08-11,11,BTC-230825-26000-C,BTCUSDT,C,230825-26000,5000.0,5000.0,5000.0,5000.0,0.0,0.0,3265.0,3635.0,3.0,3.39,,0.5590868,3472.0,0.3545434,0.96693662,3.628e-05,4.22689273,-5.41668313,22.64,666643.55993853,2023-08-11 11:00:00+00:00,26000,29445.96
2023-08-11,12,BTC-230825-26000-C,BTCUSDT,C,230825-26000,5000.0,5000.0,5000.0,5000.0,0.0,0.0,3340.0,3690.0,3.0,3.0,,0.62119484,3467.0,0.38559742,0.95433607,4.349e-05,5.48582965,-7.66883377,22.64,666124.31527028,2023-08-11 12:00:00+00:00,26000,29425.99
2023-08-11,13,BTC-230825-26000-C,BTCUSDT,C,230825-26000,5000.0,5000.0,5000.0,5000.0,0.0,0.0,3340.0,3695.0,3.0,2.79,,0.59401035,3503.0,0.37200518,0.96175058,3.905e-05,4.75276737,-6.4292821,22.64,667153.74363073,2023-08-11 13:00:00+00:00,26000,29470.71
2023-08-11,14,BTC-230825-26000-C,BTCUSDT,C,230825-26000,5000.0,5000.0,5000.0,5000.0,0.0,0.0,3415.0,3765.0,3.0,3.0,,0.63415527,3538.0,0.39207764,0.95526838,4.209e-05,5.39215693,-7.71115755,22.64,667852.21499774,2023-08-11 14:00:00+00:00,26000,29495.44
2023-08-11,15,BTC-230825-26000-C,BTCUSDT,C,230825-26000,5000.0,5000.0,5000.0,5000.0,0.0,0.0,3270.0,3610.0,3.0,3.0,,0.57926178,3427.0,0.36463089,0.96204668,3.981e-05,4.69642967,-6.26510444,22.64,665315.18903729,2023-08-11 15:00:00+00:00,26000,29395.89
2023-08-11,16,BTC-230825-26000-C,BTCUSDT,C,230825-26000,5000.0,5000.0,5000.0,5000.0,0.0,0.0,3200.0,3785.0,3.0,3.0,,0.73362827,3442.0,0.44181414,0.92878692,5.428e-05,7.71787828,-12.51326544,22.64,664740.93663299,2023-08-11 16:00:00+00:00,26000,29361.77
2023-08-11,17,BTC-230825-26000-C,BTCUSDT,C,230825-26000,5000.0,5000.0,5000.0,5000.0,0.0,0.0,3255.0,3590.0,3.0,3.0,,0.60404778,3380.0,0.37702389,0.95527656,4.42e-05,5.33849954,-7.40885939,22.64,664262.37679119,2023-08-11 17:00:00+00:00,26000,29340.4
2023-08-11,18,BTC-230825-26000-C,BTCUSDT,C,230825-26000,5000.0,5000.0,5000.0,5000.0,0.0,0.0,3255.0,3595.0,3.0,2.86,,0.58408737,3408.0,0.36704369,0.96095586,4.069e-05,4.78085894,-6.47919724,22.64,665068.25381107,2023-08-11 18:00:00+00:00,26000,29376.19
2023-08-11,19,BTC-230825-26000-C,BTCUSDT,C,230825-26000,5000.0,5000.0,5000.0,5000.0,0.0,0.0,3255.0,3595.0,3.0,2.86,,0.57195187,3422.0,0.36097593,0.96418144,3.859e-05,4.45148311,-5.95139589,22.64,665377.19029446,2023-08-11 19:00:00+00:00,26000,29396.76
2023-08-11,20,BTC-230825-26000-C,BTCUSDT,C,230825-26000,5000.0,5000.0,5000.0,5000.0,0.0,0.0,3315.0,3660.0,3.0,3.0,,0.60804367,3456.0,0.37902184,0.95856504,4.141e-05,5.00941087,-7.05389895,22.64,666064.41132316,2023-08-11 20:00:00+00:00,26000,29420.22
2023-08-11,21,BTC-230825-26000-C,BTCUSDT,C,230825-26000,5000.0,5000.0,5000.0,5000.0,0.0,0.0,3315.0,3660.0,3.0,3.0,,0.61594963,3449.0,0.38297482,0.9568415,4.244e-05,5.16759826,-7.37537248,22.64,665843.76699754,2023-08-11 21:00:00+00:00,26000,29410.05
2023-08-11,22,BTC-230825-26000-C,BTCUSDT,C,230825-26000,5000.0,5000.0,5000.0,5000.0,0.0,0.0,3315.0,3660.0,3.0,3.0,,0.59941769,3467.0,0.37470884,0.96125537,3.977e-05,4.73108709,-6.62720986,22.64,666395.91361007,2023-08-11 22:00:00+00:00,26000,29434.56
2023-08-11,23,BTC-230825-26000-C,BTCUSDT,C,230825-26000,5000.0,5000.0,5000.0,5000.0,0.0,0.0,3315.0,3660.0,3.0,3.0,,0.60581684,3462.0,0.37790842,0.95996188,4.058e-05,4.85040251,-6.87377386,22.64,666223.13888613,2023-08-11 23:00:00+00:00,26000,29426.03
2023-08-12,0,BTC-230825-26000-C,BTCUSDT,C,230825-26000,5000.0,5000.0,5000.0,5000.0,0.0,0.0,3315.0,3665.0,3.0,2.95,,0.58962822,3485.0,0.36981411,0.96433706,3.775e-05,4.41064869,-6.13586971,22.64,666867.84770102,2023-08-12 00:00:00+00:00,26000,29454.73
2023-08-12,1,BTC-230825-26000-C,BTCUSDT,C,230825-26000,5000.0,5000.0,5000.0,5000.0,0.0,0.0,3315.0,3670.0,3.0,3.0,,0.63138008,3447.0,0.39069004,0.95454217,4.366e-05,5.35389683,-7.89325412,22.64,665733.13338893,2023-08-12 01:00:00+00:00,26000,29405.25
2023-08-12,2,BTC-230825-26000-C,BTCUSDT,C,230825-26000,5000.0,5000.0,5000.0,5000.0,0.0,0.0,3315.0,3670.0,3.0,3.0,,0.64116478,3437.0,0.39558239,0.95227548,4.493e-05,5.55591996,-8.31983156,22.64,665447.40077964,2023-08-12 02:00:00+00:00,26000,29391.46
2023-08-12,3,BTC-230825-26000-C,BTCUSDT,C,230825-26000,5000.0,5000.0,5000.0,5000.0,0.0,0.0,3315.0,3670.0,3.0,3.0,,0.63562393,3444.0,0.39281197,0.95404978,4.394e-05,5.3828601,-8.02955696,22.64,665658.89276957,2023-08-12 03:00:00+00:00,26000,29402.07
2023-08-12,4,BTC-230825-26000-C,BTCUSDT,C,230825-26000,5000.0,5000.0,5000.0,5000.0,0.0,0.0,3315.0,3670.0,3.0,3.0,,0.62596798,3456.0,0.38798399,0.95683881,4.235e-05,5.11260314,-7.55659586,22.64,666011.6841519,2023-08-12 04:00:00+00:00,26000,29418.23
2023-08-12,5,BTC-230825-26000-C,BTCUSDT,C,230825-26000,5000.0,5000.0,5000.0,5000.0,0.0,0.0,3315.0,3670.0,3.0,3.0,,0.63508511,3447.0,0.39254255,0.95480777,4.352e-05,5.29517812,-7.94362126,22.64,665742.5053539,2023-08-12 05:00:00+00:00,26000,29405.34
2023-08-12,6,BTC-230825-26000-C,BTCUSDT,C,230825-26000,5000.0,5000.0,5000.0,5000.0,0.0,0.0,3315.0,3670.0,3.0,3.0,,0.62866688,3455.0,0.38933344,0.95675398,4.24e-05,5.10426492,-7.6188853,22.64,665974.03791638,2023-08-12 06:00:00+00:00,26000,29416.86
2023-08-12,7,BTC-230825-26000-C,BTCUSDT,C,230825-26000,5000.0,5000.0,5000.0,5000.0,0.0,0.0,3315.0,3670.0,3.0,3.0,,0.62642574,3458.0,0.38821287,0.95761675,4.19e-05,5.01454615,-7.48734472,22.64,666122.6201519,2023-08-12 07:00:00+00:00,26000,29421.49
2023-08-12,8,BTC-230825-26000-C,BTCUSDT,C,230825-26000,5000.0,5000.0,5000.0,5000.0,0.0,0.0,3315.0,3660.0,3.0,3.0,,0.6381321,3436.0,0.39406605,0.95444361,4.386e-05,5.30185705,-8.0615305,22.64,665479.2916557,2023-08-12 08:00:00+00:00,26000,29392.99
2023-08-12,9,BTC-230825-26000-C,BTCUSDT,C,230825-26000,5000.0,5000.0,5000.0,5000.0,0.0,0.0,3315.0,3660.0,3.0,3.0,,0.62256813,3454.0,0.38628407,0.95868704,4.138e-05,4.89541872,-7.32007954,22.64,666009.27972662,2023-08-12 09:00:00+00:00,26000,29417.61
2023-08-12,10,BTC-230825-26000-C,BTCUSDT,C,230825-26000,5000.0,5000.0,5000.0,5000.0,0.0,0.0,3315.0,3660.0,3.0,3.0,,0.61184883,3466.0,0.38092442,0.96157687,3.961e-05,4.6102154,-6.81996904,22.64,666357.99304295,2023-08-12 10:00:00+00:00,26000,29434.35
2023-08-12,11,BTC-230825-26000-C,BTCUSDT,C,230825-26000,5000.0,5000.0,5000.0,5000.0,0.0,0.0,3320.0,3655.0,3.0,3.0,,0.61216354,3461.0,0.38108177,0.96155595,3.968e-05,4.6040353,-6.8357624,22.64,666254.04965056,2023-08-12 11:00:00+00:00,26000,29429.85
2023-08-12,12,BTC-230825-26000-C,BTCUSDT,C,230825-26000,5000.0,5000.0,5000.0,5000.0,0.0,0.0,3320.0,3660.0,3.0,3.0,,0.61836243,3461.0,0.38418121,0.960586,4.023e-05,4.6905887,-7.04378278,22.64,666226.71773198,2023-08-12 12:00:00+00:00,26000,29428.8
2023-08-12,13,BTC-230825-26000-C,BTCUSDT,C,230825-26000,5000.0,5000.0,5000.0,5000.0,0.0,0.0,3320.0,3660.0,3.0,3.0,,0.63286781,3447.0,0.39143391,0.95732711,4.221e-05,4.99148193,-7.66209215,22.64,665812.11971656,2023-08-12 13:00:00+00:00,26000,29408.8
2023-08-12,14,BTC-230825-26000-C,BTCUSDT,C,230825-26000,5000.0,5000.0,5000.0,5000.0,0.0,0.0,3320.0,3680.0,3.0,3.0,,0.62096596,3482.0,0.38548298,0.96145419,3.947e-05,4.59471947,-6.96859489,22.64,666662.53026802,2023-08-12 14:00:00+00:00,26000,29449.98
2023-08-12,15,BTC-230825-26000-C,BTCUSDT,C,230825-26000,5000.0,5000.0,5000.0,5000.0,0.0,0.0,3320.0,3690.0,3.0,3.0,,0.63751221,3477.0,0.3937561,0.95823603,4.133e-05,4.8944004,-7.60736159,22.64,666506.20766577,2023-08-12 15:00:00+00:00,26000,29438.81
2023-08-12,16,BTC-230825-26000-C,BTCUSDT,C,230825-26000,5000.0,5000.0,5000.0,5000.0,0.0,0.0,3370.0,3720.0,3.0,3.0,,0.6494236,3498.0,0.3997118,0.95706383,4.167e-05,5.00034182,-7.91561899,22.64,666982.60762192,2023-08-12 16:00:00+00:00,26000,29456.74
2023-08-12,17,BTC-230825-26000-C,BTCUSDT,C,230825-26000,5000.0,5000.0,5000.0,5000.0,0.0,0.0,3370.0,3720.0,3.0,3.0,,0.67026615,3477.0,0.41013308,0.95213939,4.444e-05,5.44247764,-8.86942268,22.64,666334.01142847,2023-08-12 17:00:00+00:00,26000,29430.11
2023-08-12,18,BTC-230825-26000-C,BTCUSDT,C,230825-26000,5000.0,5000.0,5000.0,5000.0,0.0,0.0,3320.0,3690.0,3.0,3.0,,0.64836025,3469.0,0.39918013,0.95648942,4.236e-05,5.03240808,-8.00864627,22.64,666277.55075164,2023-08-12 18:00:00+00:00,26000,29429.11
2023-08-12,19,BTC-230825-26000-C,BTCUSDT,C,230825-26000,5000.0,5000.0,5000.0,5000.0,0.0,0.0,3320.0,3690.0,3.0,3.0,,0.65850258,3459.0,0.40425129,0.95426522,4.364e-05,5.22763405,-8.45310339,22.64,665920.56245056,2023-08-12 19:00:00+00:00,26000,29416.16
2023-08-12,20,BTC-230825-26000-C,BTCUSDT,C,230825-26000,5000.0,5000.0,5000.0,5000.0,0.0,0.0,3320.0,3690.0,3.0,3.0,,0.65629959,3462.0,0.4031498,0.95514565,4.314e-05,5.13875519,-8.31445958,22.64,666103.99434525,2023-08-12 20:00:00+00:00,26000,29420.38
2023-08-12,21,BTC-230825-26000-C,BTCUSDT,C,230825-26000,5000.0,5000.0,5000.0,5000.0,0.0,0.0,3320.0,3690.0,3.0,3.0,,0.65960407,3460.0,0.40480204,0.95463982,4.343e-05,5.1761145,-8.43744861,22.64,666029.97106832,2023-08-12 21:00:00+00:00,26000,29417.38
2023-08-12,22,BTC-230825-26000-C,BTCUSDT,C,230825-26000,5000.0,5000.0,5000.0,5000.0,0.0,0.0,3320.0,3690.0,3.0,3.0,,0.65430164,3467.0,0.40215082,0.95628622,4.249e-05,5.01731373,-8.15238365,22.64,666226.32379303,2023-08-12 22:00:00+00:00,26000,29426.5
2023-08-12,23,BTC-230825-26000-C,BTCUSDT,C,230825-26000,5000.0,5000.0,5000.0,5000.0,0.0,0.0,3320.0,3690.0,3.0,3.0,,0.65285206,3469.0,0.40142603,0.95696192,4.211e-05,4.94684988,-8.0505099,22.64,666309.4632,2023-08-12 23:00:00+00:00,26000,29430.17
2023-08-13,0,BTC-230825-26000-C,BTCUSDT,C,230825-26000,5000.0,5000.0,5000.0,5000.0,0.0,0.0,3320.0,3690.0,3.0,3.0,,0.63981056,3484.0,0.39490528,0.96040347,4.005e-05,4.61886576,-7.41971293,22.64,666732.24504112,2023-08-13 00:00:00+00:00,26000,29449.99
2023-08-13,1,BTC-230825-26000-C,BTCUSDT,C,230825-26000,5000.0,5000.0,5000.0,5000.0,0.0,0.0,3330.0,3690.0,3.0,3.0,,0.63910484,3486.0,0.39455242,0.96086947,3.976e-05,4.56719598,-7.35508788,22.64,666791.07182458,2023-08-13 01:00:00+00:00,26000,29452.75
2023-08-13,2,BTC-230825-26000-C,BTCUSDT,C,230825-26000,5000.0,5000.0,5000.0,5000.0,0.0,0.0,3330.0,3690.0,3.0,3.0,,0.64453125,3481.0,0.39726563,0.95989881,4.036e-05,4.65028253,-7.56612551,22.64,666664.56384648,2023-08-13 02:00:00+00:00,26000,29446.31
2023-08-13,3,BTC-230825-26000-C,BTCUSDT,C,230825-26000,5000.0,5000.0,5000.0,5000.0,0.0,0.0,3330.0,3690.0,3.0,3.0,,0.66625595,3459.0,0.40812798,0.95495143,4.328e-05,5.09542398,-8.5462319,22.64,666027.22923844,2023-08-13 03:00:00+00:00,26000,29418.56
2023-08-13,4,BTC-230825-26000-C,BTCUSDT,C,230825-26000,5000.0,5000.0,5000.0,5000.0,0.0,0.0,3320.0,3660.0,3.0,3.0,,0.65848351,3436.0,0.40424175,0.95570524,4.321e-05,5.01418709,-8.35852306,22.64,665518.44290832,2023-08-13 04:00:00+00:00,26000,29394.68
2023-08-13,5,BTC-230825-26000-C,BTCUSDT,C,230825-26000,5000.0,5000.0,5000.0,5000.0,0.0,0.0,3320.0,3660.0,3.0,3.0,,0.66743851,3427.0,0.40871925,0.95379627,4.431e-05,5.17648144,-8.75472663,22.64,665271.2145095,2023-08-13 05:00:00+00:00,26000,29385.0
2023-08-13,6,BTC-230825-26000-C,BTCUSDT,C,230825-26000,5000.0,5000.0,5000.0,5000.0,0.0,0.0,3320.0,3660.0,3.0,3.0,,0.65690994,3440.0,0.40345497,0.95674959,4.261e-05,4.90253983,-8.21295016,22.64,665598.22893168,2023-08-13 06:00:00+00:00,26000,29401.56
2023-08-13,7,BTC-230825-26000-C,BTCUSDT,C,230825-26000,5000.0,5000.0,5000.0,5000.0,0.0,0.0,3320.0,3660.0,3.0,3.0,,0.66031456,3437.0,0.40515728,0.95624297,4.291e-05,4.93975179,-8.33906029,22.64,665566.93778832,2023-08-13 07:00:00+00:00,26000,29396.36
2023-08-13,8,BTC-230825-26000-C,BTCUSDT,C,230825-26000,5000.0,5000.0,5000.0,5000.0,0.0,0.0,3270.0,3655.0,3.0,3.0,,0.64713478,3447.0,0.39856739,0.95950356,4.102e-05,4.63372283,-7.72201684,22.64,665768.93719528,2023-08-13 08:00:00+00:00,26000,29414.53
2023-08-13,9,BTC-230825-26000-C,BTCUSDT,C,230825-26000,5000.0,5000.0,5000.0,5000.0,0.0,0.0,3290.0,3640.0,3.0,5.84,,0.63514709,3443.0,0.39257355,0.9619173,3.969e-05,4.39997742,-7.24746742,22.64,665831.8071436,2023-08-13 09:00:00+00:00,26000,29413.7
2023-08-13,10,BTC-230825-26000-C,BTCUSDT,C,230825-26000,5000.0,5000.0,5000.0,5000.0,0.0,0.0,3295.0,3640.0,3.0,5.84,,0.64236641,3437.0,0.3961832,0.96054758,4.056e-05,4.51932928,-7.53886574,22.64,665689.3056564,2023-08-13 10:00:00+00:00,26000,29403.86
2023-08-13,11,BTC-230825-26000-C,BTCUSDT,C,230825-26000,5000.0,5000.0,5000.0,5000.0,0.0,0.0,3295.0,3635.0,3.0,3.0,,0.65455437,3420.0,0.40227718,0.95772767,4.235e-05,4.76798318,-8.10443226,22.64,665230.23837168,2023-08-13 11:00:00+00:00,26000,29383.38
2023-08-13,12,BTC-230825-26000-C,BTCUSDT,C,230825-26000,5000.0,5000.0,5000.0,5000.0,0.0,0.0,3295.0,3635.0,3.0,3.0,,0.64985752,3426.0,0.39992876,0.95917757,4.147e-05,4.62810289,-7.84838009,22.64,665404.24674832,2023-08-13 12:00:00+00:00,26000,29389.99
2023-08-13,13,BTC-230825-26000-C,BTCUSDT,C,230825-26000,5000.0,5000.0,5000.0,5000.0,0.0,0.0,3295.0,3635.0,3.0,3.0,,0.66261292,3414.0,0.40630646,0.9564322,4.312e-05,4.86720265,-8.41520816,22.64,665051.2312438,2023-08-13 13:00:00+00:00,26000,29375.99
2023-08-13,14,BTC-230825-26000-C,BTCUSDT,C,230825-26000,5000.0,5000.0,5000.0,5000.0,0.0,0.0,3295.0,3635.0,3.0,3.0,,0.66630363,3411.0,0.40815182,0.95586664,4.346e-05,4.90880666,-8.55602724,22.64,664970.98107303,2023-08-13 14:00:00+00:00,26000,29371.64
2023-08-13,15,BTC-230825-26000-C,BTCUSDT,C,230825-26000,5000.0,5000.0,5000.0,5000.0,0.0,0.0,3290.0,3635.0,3.0,3.0,,0.66616058,3412.0,0.40808029,0.95624238,4.324e-05,4.86669117,-8.51142334,22.64,665020.57110145,2023-08-13 15:00:00+00:00,26000,29374.2
2023-08-13,16,BTC-230825-26000-C,BTCUSDT,C,230825-26000,5000.0,5000.0,5000.0,5000.0,0.0,0.0,3245.0,3575.0,3.0,3.0,,0.62932968,3385.0,0.38966484,0.96241864,4.012e-05,4.29068418,-7.19108432,22.64,664571.53423056,2023-08-13 16:00:00+00:00,26000,29353.59
2023-08-13,17,BTC-230825-26000-C,BTCUSDT,C,230825-26000,5000.0,5000.0,5000.0,5000.0,0.0,0.0,3245.0,3620.0,3.0,2.48,,0.63586235,3429.0,0.39293118,0.96328101,3.905e-05,4.20892004,-7.13876652,22.64,665584.65135352,2023-08-13 17:00:00+00:00,26000,29400.02
2023-08-13,18,BTC-230825-26000-C,BTCUSDT,C,230825-26000,5000.0,5000.0,5000.0,5000.0,0.0,0.0,3245.0,3620.0,3.0,2.48,,0.61794281,3448.0,0.38397141,0.96747778,3.621e-05,3.80567636,-6.33040911,22.64,666110.02344472,2023-08-13 18:00:00+00:00,26000,29422.12
2023-08-13,19,BTC-230825-26000-C,BTCUSDT,C,230825-26000,5000.0,5000.0,5000.0,5000.0,0.0,0.0,3310.0,3660.0,3.0,2.57,,0.63984871,3471.0,0.39492435,0.96475763,3.765e-05,4.06112543,-6.9731988,22.64,666617.33257416,2023-08-13 19:00:00+00:00,26000,29442.91
2023-08-13,20,BTC-230825-26000-C,BTCUSDT,C,230825-26000,5000.0,5000.0,5000.0,5000.0,0.0,0.0,3310.0,3655.0,3.0,3.0,,0.65358639,3453.0,0.40179319,0.96179852,3.963e-05,4.32694905,-7.58634293,22.64,666098.09243844,2023-08-13 20:00:00+00:00,26000,29420.01
2023-08-13,21,BTC-230825-26000-C,BTCUSDT,C,230825-26000,5000.0,5000.0,5000.0,5000.0,0.0,0.0,3310.0,3655.0,3.0,3.0,,0.6934309,3413.0,0.42171545,0.95265899,4.507e-05,5.12811947,-9.47126286,22.64,664927.15163844,2023-08-13 21:00:00+00:00,26000,29367.2
2023-08-13,22,BTC-230825-26000-C,BTCUSDT,C,230825-26000,5000.0,5000.0,5000.0,5000.0,0.0,0.0,3210.0,3555.0,3.0,3.15,,0.64476967,3354.0,0.39738483,0.95978121,4.208e-05,4.48017334,-7.82571925,22.64,663791.97244225,2023-08-13 22:00:00+00:00,26000,29319.41
2023-08-13,23,BTC-230825-26000-C,BTCUSDT,C,230825-26000,5000.0,5000.0,5000.0,5000.0,0.0,0.0,3210.0,3555.0,3.0,3.15,,0.6582737,3341.0,0.40413685,0.9568715,4.389e-05,4.72969535,-8.43283333,22.64,663457.90992,2023-08-13 23:00:00+00:00,26000,29303.84
2023-08-14,0,BTC-230825-26000-C,BTCUSDT,C,230825-26000,5000.0,5000.0,5000.0,5000.0,0.0,0.0,3170.0,3500.0,3.0,2.5,,0.63965321,3300.0,0.3948266,0.95896186,4.329e-05,4.5290616,-7.91819413,22.64,662595.92787775,2023-08-14 00:00:00+00:00,26000,29266.0
2023-08-14,1,BTC-230825-26000-C,BTCUSDT,C,230825-26000,5000.0,5000.0,5000.0,5000.0,0.0,0.0,3110.0,3440.0,3.0,3.98,,0.58310509,3289.0,0.36655254,0.96935929,3.677e-05,3.55787349,-5.7962055,22.64,662573.51694112,2023-08-14 01:00:00+00:00,26000,29268.0
2023-08-14,2,BTC-230825-26000-C,BTCUSDT,C,230825-26000,5000.0,5000.0,5000.0,5000.0,0.0,0.0,3140.0,3470.0,3.0,3.65,,0.56913376,3335.0,0.35956688,0.97363042,3.308e-05,3.13964698,-5.03603822,22.64,663702.00907303,2023-08-14 02:00:00+00:00,26000,29319.99
2023-08-14,3,BTC-230825-26000-C,BTCUSDT,C,230825-26000,5000.0,5000.0,5000.0,5000.0,0.0,0.0,3265.0,3605.0,3.0,2.88,,0.63410759,3425.0,0.39205379,0.96603117,3.74e-05,3.87679645,-6.80557246,22.64,665372.46551528,2023-08-14 03:00:00+00:00,26000,29399.91
2023-08-14,4,BTC-230825-26000-C,BTCUSDT,C,230825-26000,5000.0,5000.0,5000.0,5000.0,0.0,0.0,3315.0,3655.0,3.0,3.0,,0.67112923,3445.0,0.41056461,0.9604284,4.052e-05,4.38619899,-8.09355604,22.64,665894.41754944,2023-08-14 04:00:00+00:00,26000,29413.99
2023-08-14,5,BTC-230825-26000-C,BTCUSDT,C,230825-26000,5000.0,5000.0,5000.0,5000.0,0.0,0.0,3315.0,3670.0,3.0,5.93,,0.65812111,3476.0,0.40406055,0.96429928,3.788e-05,4.02985125,-7.34572435,22.64,666624.33974676,2023-08-14 05:00:00+00:00,26000,29447.6
2023-08-14,6,BTC-230825-26000-C,BTCUSDT,C,230825-26000,5000.0,5000.0,5000.0,5000.0,0.0,0.0,3315.0,3665.0,3.0,3.0,,0.67630768,3453.0,0.41315384,0.96039541,4.043e-05,4.37391745,-8.18308932,22.64,666054.47088613,2023-08-14 06:00:00+00:00,26000,29419.84
2023-08-14,7,BTC-230825-26000-C,BTCUSDT,C,230825-26000,5000.0,5000.0,5000.0,5000.0,0.0,0.0,3315.0,3665.0,3.0,3.0,,0.67563057,3455.0,0.41281528,0.96088406,4.013e-05,4.32214444,-8.11020641,22.64,666220.27592908,2023-08-14 07:00:00+00:00,26000,29422.01
2023-08-14,8,BTC-230825-26000-C,BTCUSDT,C,230825-26000,5000.0,5000.0,5000.0,5000.0,0.0,0.0,3315.0,3665.0,3.0,3.0,,0.67285538,3459.0,0.41142769,0.96183495,3.954e-05,4.22904197,-7.938904,22.64,666181.80798993,2023-08-14 08:00:00+00:00,26000,29426.5
2023-08-14,9,BTC-230825-26000-C,BTCUSDT,C,230825-26000,5000.0,5000.0,5000.0,5000.0,0.0,0.0,3315.0,3665.0,3.0,3.0,,0.68424702,3449.0,0.41712351,0.95962462,4.092e-05,4.41697001,-8.43856522,22.64,665844.05576123,2023-08-14 09:00:00+00:00,26000,29413.99
2023-08-14,10,BTC-230825-26000-C,BTCUSDT,C,230825-26000,5000.0,5000.0,5000.0,5000.0,0.0,0.0,3315.0,3665.0,3.0,3.0,,0.66986084,3465.0,0.40993042,0.96314753,3.87e-05,4.09519037,-7.7183509,22.64,666420.49377226,2023-08-14 10:00:00+00:00,26000,29433.58
2023-08-14,11,BTC-230825-26000-C,BTCUSDT,C,230825-26000,5000.0,5000.0,5000.0,5000.0,0.0,0.0,3315.0,3665.0,3.0,3.0,,0.69036484,3445.0,0.42018242,0.95893356,4.135e-05,4.46041815,-8.65009516,22.64,665832.16807161,2023-08-14 11:00:00+00:00,26000,29409.99
2023-08-14,12,BTC-230825-26000-C,BTCUSDT,C,230825-26000,5000.0,5000.0,5000.0,5000.0,0.0,0.0,3265.0,3610.0,3.0,3.0,,0.66005707,3416.0,0.40502853,0.96347276,3.91e-05,4.04339064,-7.58773819,22.64,665333.23786331,2023-08-14 12:00:00+00:00,26000,29384.01
2023-08-14,13,BTC-230825-26000-C,BTCUSDT,C,230825-26000,5000.0,5000.0,5000.0,5000.0,0.0,0.0,3265.0,3610.0,3.0,3.0,,0.6633997,3414.0,0.40669985,0.96307241,3.937e-05,4.0713699,-7.70150576,22.64,665044.60078993,2023-08-14 13:00:00+00:00,26000,29384.92
2023-08-14,14,BTC-230825-26000-C,BTCUSDT,C,230825-26000,5000.0,5000.0,5000.0,5000.0,0.0,0.0,3375.0,3760.0,3.0,3.0,,0.68257332,3562.0,0.41628666,0.96583252,3.598e-05,3.83224624,-7.44892418,22.64,668451.53963535,2023-08-14 14:00:00+00:00,26000,29534.0
2023-08-14,15,BTC-230825-26000-C,BTCUSDT,C,230825-26000,5000.0,5000.0,5000.0,5000.0,0.0,0.0,3540.0,3910.0,3.74,3.0,,0.76751709,3644.0,0.45875854,0.95476611,4.1e-05,4.81643901,-10.35740697,22.64,670164.86318993,2023-08-14 15:00:00+00:00,26000,29599.99
2023-08-14,16,BTC-230825-26000-C,BTCUSDT,C,230825-26000,5000.0,5000.0,5000.0,5000.0,0.0,0.0,3545.0,3915.0,3.0,2.34,,0.73312283,3687.0,0.44156141,0.96268442,3.645e-05,4.11984306,-8.56076114,22.64,671130.33022774,2023-08-14 16:00:00+00:00,26000,29653.99
2023-08-14,17,BTC-230825-26000-C,BTCUSDT,C,230825-26000,5000.0,5000.0,5000.0,5000.0,0.0,0.0,3405.0,3785.0,3.0,3.0,,0.7447958,3531.0,0.4473979,0.95456822,4.252e-05,4.79630146,-10.13788749,22.64,667815.93739754,2023-08-14 17:00:00+00:00,26000,29487.28
2023-08-14,18,BTC-230825-26000-C,BTCUSDT,C,230825-26000,5000.0,5000.0,5000.0,5000.0,0.0,0.0,3230.0,3600.0,3.0,4.53,,0.70440292,3368.0,0.42720146,0.95499829,4.452e-05,4.72448021,-9.57297693,22.64,663673.91787338,2023-08-14 18:00:00+00:00,26000,29330.01
2023-08-14,19,BTC-230825-26000-C,BTCUSDT,C,230825-26000,5000.0,5000.0,5000.0,5000.0,0.0,0.0,3230.0,3635.0,5.8,4.61,,0.71276188,3400.0,0.43138094,0.95520974,4.396e-05,4.70236916,-9.65957233,22.64,664553.14370626,2023-08-14 19:00:00+00:00,26000,29360.54
2023-08-14,20,BTC-230825-26000-C,BTCUSDT,C,230825-26000,5000.0,5000.0,5000.0,5000.0,0.0,0.0,3230.0,3615.0,5.8,2.13,,0.66230774,3429.0,0.40615387,0.96581057,3.75e-05,3.77225761,-7.32485417,22.64,665655.36494184,2023-08-14 20:00:00+00:00,26000,29400.83
2023-08-14,21,BTC-230825-26000-C,BTCUSDT,C,230825-26000,5000.0,5000.0,5000.0,5000.0,0.0,0.0,3230.0,3615.0,5.8,2.13,,0.65960884,3432.0,0.40480442,0.96668672,3.69e-05,3.68575775,-7.16164499,22.64,665778.80739239,2023-08-14 21:00:00+00:00,26000,29405.13
2023-08-14,22,BTC-230825-26000-C,BTCUSDT,C,230825-26000,5000.0,5000.0,5000.0,5000.0,0.0,0.0,3325.0,3670.0,3.0,3.0,,0.6867981,3468.0,0.41839905,0.9637483,3.83e-05,3.94712207,-7.95889288,22.64,666469.1326447,2023-08-14 22:00:00+00:00,26000,29438.0
2023-08-14,23,BTC-230825-26000-C,BTCUSDT,C,230825-26000,5000.0,5000.0,5000.0,5000.0,0.0,0.0,3325.0,3670.0,3.0,3.0,,0.69395065,3463.0,0.42197533,0.9625797,3.906e-05,4.04176593,-8.25253349,22.64,666325.19631038,2023-08-14 23:00:00+00:00,26000,29430.93
2023-08-15,0,BTC-230825-26000-C,BTCUSDT,C,230825-26000,5000.0,5000.0,5000.0,5000.0,0.0,0.0,3325.0,3670.0,3.0,3.0,,0.69314003,3465.0,0.42157001,0.96309835,3.873e-05,3.98822839,-8.16833495,22.64,666384.55635436,2023-08-15 00:00:00+00:00,26000,29433.88
2023-08-15,1,BTC-230825-26000-C,BTCUSDT,C,230825-26000,5000.0,5000.0,5000.0,5000.0,0.0,0.0,3260.0,3610.0,3.0,2.18,,0.65496922,3436.0,0.40248461,0.9686676,3.556e-05,3.47644829,-6.82544071,22.64,665932.81384295,2023-08-15 01:00:00+00:00,26000,29411.07
2023-08-15,2,BTC-230825-26000-C,BTCUSDT,C,230825-26000,5000.0,5000.0,5000.0,5000.0,0.0,0.0,3260.0,3640.0,3.0,2.78,,0.70799351,3420.0,0.42899675,0.95920899,4.153e-05,4.30261186,-9.04067474,22.64,665167.72513423,2023-08-15 02:00:00+00:00,26000,29383.98
2023-08-15,3,BTC-230825-26000-C,BTCUSDT,C,230825-26000,5000.0,5000.0,5000.0,5000.0,0.0,0.0,3260.0,3640.0,3.0,2.78,,0.69504738,3434.0,0.42252369,0.96239393,3.952e-05,4.02131218,-8.35621832,22.64,665443.1937519,2023-08-15 03:00:00+00:00,26000,29402.01
2023-08-15,4,BTC-230825-26000-C,BTCUSDT,C,230825-26000,5000.0,5000.0,5000.0,5000.0,0.0,0.0,3260.0,3640.0,3.0,2.78,,0.71642876,3414.0,0.43321438,0.95808154,4.223e-05,4.37972536,-9.36966829,22.64,665112.63542282,2023-08-15 04:00:00+00:00,26000,29378.01
2023-08-15,5,BTC-230825-26000-C,BTCUSDT,C,230825-26000,5000.0,5000.0,5000.0,5000.0,0.0,0.0,3260.0,3635.0,3.0,3.0,,0.71916103,3407.0,0.43458052,0.95760652,4.258e-05,4.40963249,-9.5025033,22.64,664801.83121007,2023-08-15 05:00:00+00:00,26000,29369.73
2023-08-15,6,BTC-230825-26000-C,BTCUSDT,C,230825-26000,5000.0,5000.0,5000.0,5000.0,0.0,0.0,3260.0,3635.0,3.0,3.0,,0.71778297,3410.0,0.43389149,0.95830267,4.216e-05,4.34246388,-9.38168933,22.64,665027.15652662,2023-08-15 06:00:00+00:00,26000,29374.1
2023-08-15,7,BTC-230825-26000-C,BTCUSDT,C,230825-26000,5000.0,5000.0,5000.0,5000.0,0.0,0.0,3260.0,3635.0,3.0,3.0,,0.69024086,3438.0,0.42012043,0.96458125,3.815e-05,3.798252,-7.97860708,22.64,665842.64770832,2023-08-15 07:00:00+00:00,26000,29408.84
2023-08-15,8,BTC-230825-26000-C,BTCUSDT,C,230825-26000,5000.0,5000.0,5000.0,5000.0,0.0,0.0,3310.0,3650.0,3.0,3.85,,0.69066048,3455.0,0.42033024,0.96548905,3.739e-05,3.71272711,-7.83549619,22.64,666265.15099774,2023-08-15 08:00:00+00:00,26000,29426.15
2023-08-15,9,BTC-230825-26000-C,BTCUSDT,C,230825-26000,5000.0,5000.0,5000.0,5000.0,0.0,0.0,3310.0,3645.0,3.0,3.0,,0.69106102,3451.0,0.42053051,0.96553643,3.741e-05,3.70020412,-7.84561467,22.64,666279.28482644,2023-08-15 09:00:00+00:00,26000,29422.8
2023-08-15,10,BTC-230825-26000-C,BTCUSDT,C,230825-26000,5000.0,5000.0,5000.0,5000.0,0.0,0.0,3310.0,3645.0,3.0,3.0,,0.71044922,3434.0,0.43022461,0.96188226,3.982e-05,4.00709488,-8.72885473,22.64,665666.5120791,2023-08-15 10:00:00+00:00,26000,29403.74
2023-08-15,11,BTC-230825-26000-C,BTCUSDT,C,230825-26000,5000.0,5000.0,5000.0,5000.0,0.0,0.0,3235.0,3570.0,3.0,3.0,,0.66942215,3390.0,0.40971107,0.96736804,3.694e-05,3.51572773,-7.32422488,22.64,664866.20798237,2023-08-15 11:00:00+00:00,26000,29366.0
2023-08-15,12,BTC-230825-26000-C,BTCUSDT,C,230825-26000,5000.0,5000.0,5000.0,5000.0,0.0,0.0,3235.0,3575.0,3.0,4.71,,0.67287445,3394.0,0.41143723,0.96722514,3.699e-05,3.52134641,-7.39818528,22.64,665029.74093198,2023-08-15 12:00:00+00:00,26000,29368.72
2023-08-15,13,BTC-230825-26000-C,BTCUSDT,C,230825-26000,5000.0,5000.0,5000.0,5000.0,0.0,0.0,3235.0,3575.0,3.0,4.71,,0.66793442,3400.0,0.40896721,0.9685291,3.605e-05,3.39883913,-7.1282672,22.64,665081.95971864,2023-08-15 13:00:00+00:00,26000,29375.44
2023-08-15,14,BTC-230825-26000-C,BTCUSDT,C,230825-26000,5000.0,5000.0,5000.0,5000.0,0.0,0.0,3280.0,3625.0,3.0,5.82,,0.65060616,3471.0,0.40030308,0.97393487,3.148e-05,2.90709503,-5.99339588,22.64,666717.30414056,2023-08-15 14:00:00+00:00,26000,29455.76
2023-08-15,15,BTC-230825-26000-C,BTCUSDT,C,230825-26000,5000.0,5000.0,5000.0,5000.0,0.0,0.0,3200.0,3565.0,3.0,3.0,,0.6983757,3363.0,0.42418785,0.96260029,4.029e-05,3.89438236,-8.5445571,22.64,664058.91534056,2023-08-15 15:00:00+00:00,26000,29332.66
2023-08-15,16,BTC-230825-26000-C,BTCUSDT,C,230825-26000,5000.0,5000.0,5000.0,5000.0,0.0,0.0,3200.0,3565.0,3.0,3.0,,0.74035645,3324.0,0.44517822,0.95362763,4.587e-05,4.6175095,-10.67850493,22.64,663061.73778463,2023-08-15 16:00:00+00:00,26000,29282.82
2023-08-15,17,BTC-230825-26000-C,BTCUSDT,C,230825-26000,5000.0,5000.0,5000.0,5000.0,0.0,0.0,3200.0,3565.0,3.0,3.0,,0.69911957,3365.0,0.42455978,0.96318742,3.991e-05,3.82808697,-8.47956425,22.64,664078.65443525,2023-08-15 17:00:00+00:00,26000,29335.83
2023-08-15,18,BTC-230825-26000-C,BTCUSDT,C,230825-26000,5000.0,5000.0,5000.0,5000.0,0.0,0.0,3200.0,3565.0,3.0,3.0,,0.71109772,3356.0,0.43054886,0.96102447,4.133e-05,4.00025178,-9.02516201,22.64,663880.52955593,2023-08-15 18:00:00+00:00,26000,29323.0
2023-08-15,19,BTC-230825-26000-C,BTCUSDT,C,230825-26000,5000.0,5000.0,5000.0,5000.0,0.0,0.0,3075.0,3525.0,3.0,3.0,,0.78457832,3239.0,0.46728916,0.94175984,5.29e-05,5.47902343,-13.47518497,22.64,660904.52145944,2023-08-15 19:00:00+00:00,26000,29181.73
2023-08-15,20,BTC-230825-26000-C,BTCUSDT,C,230825-26000,5000.0,5000.0,5000.0,5000.0,0.0,0.0,3075.0,3525.0,3.0,3.0,,0.77473164,3251.0,0.46236582,0.94478969,5.134e-05,5.24455519,-12.81885505,22.64,661074.65483955,2023-08-15 20:00:00+00:00,26000,29199.0
2023-08-15,21,BTC-230825-26000-C,BTCUSDT,C,230825-26000,5000.0,5000.0,5000.0,5000.0,0.0,0.0,3075.0,3525.0,3.0,3.0,,0.75244904,3275.0,0.45122452,0.95077691,4.808e-05,4.78221108,-11.45760125,22.64,661797.72419345,2023-08-15 21:00:00+00:00,26000,29229.94
2023-08-15,22,BTC-230825-26000-C,BTCUSDT,C,230825-26000,5000.0,5000.0,5000.0,5000.0,0.0,0.0,3075.0,3525.0,3.0,3.0,,0.78822136,3241.0,0.46911068,0.94234846,5.261e-05,5.39997538,-13.5103093,22.64,660789.47294056,2023-08-15 22:00:00+00:00,26000,29183.62
2023-08-15,23,BTC-230825-26000-C,BTCUSDT,C,230825-26000,5000.0,5000.0,5000.0,5000.0,0.0,0.0,3075.0,3525.0,3.0,3.0,,0.77825546,3252.0,0.46412773,0.94538644,5.104e-05,5.16562564,-12.84378822,22.64,661115.58099345,2023-08-15 23:00:00+00:00,26000,29200.0
2023-08-16,0,BTC-230825-26000-C,BTCUSDT,C,230825-26000,5000.0,5000.0,5000.0,5000.0,0.0,0.0,3075.0,3525.0,3.0,3.0,,0.76184273,3271.0,0.45592136,0.94991063,4.858e-05,4.81602571,-11.81556739,22.64,661670.13410983,2023-08-16 00:00:00+00:00,26000,29224.37
2023-08-16,1,BTC-230825-26000-C,BTCUSDT,C,230825-26000,5000.0,5000.0,5000.0,5000.0,0.0,0.0,3080.0,3520.0,3.0,3.0,,0.74289799,3285.0,0.44644899,0.95456156,4.596e-05,4.44759401,-10.73308857,22.64,662125.19562192,2023-08-16 01:00:00+00:00,26000,29245.47
2023-08-16,2,BTC-230825-26000-C,BTCUSDT,C,230825-26000,5000.0,5000.0,5000.0,5000.0,0.0,0.0,3080.0,3520.0,3.0,3.0,,0.73732376,3292.0,0.44366188,0.95627457,4.493e-05,4.30362179,-10.36751423,22.64,662346.39837356,2023-08-16 02:00:00+00:00,26000,29255.14
2023-08-16,3,BTC-230825-26000-C,BTCUSDT,C,230825-26000,5000.0,5000.0,5000.0,5000.0,0.0,0.0,3080.0,3520.0,3.0,3.0,,0.75979233,3272.0,0.45489616,0.95152713,4.775e-05,4.66039032,-11.56358728,22.64,661748.73720429,2023-08-16 03:00:00+00:00,26000,29228.51
2023-08-16,4,BTC-230825-26000-C,BTCUSDT,C,230825-26000,5000.0,5000.0,5000.0,5000.0,0.0,0.0,3080.0,3520.0,3.0,3.0,,0.77532291,3258.0,0.46266146,0.94828233,4.958e-05,4.89332989,-12.4052179,22.64,661373.00525718,2023-08-16 04:00:00+00:00,26000,29208.37
2023-08-16,5,BTC-230825-26000-C,BTCUSDT,C,230825-26000,5000.0,5000.0,5000.0,5000.0,0.0,0.0,3080.0,3520.0,3.0,3.0,,0.8275795,3207.0,0.48878975,0.93550116,5.609e-05,5.79406875,-15.58941908,22.64,659771.71288791,2023-08-16 05:00:00+00:00,26000,29142.23
2023-08-16,6,BTC-230825-26000-C,BTCUSDT,C,230825-26000,5000.0,5000.0,5000.0,5000.0,0.0,0.0,3055.0,3380.0,3.0,4.36,,0.65590858,3216.0,0.40295429,0.96843908,3.833e-05,3.26045035,-7.26531307,22.64,660982.31598237,2023-08-16 06:00:00+00:00,26000,29193.23
2023-08-16,7,BTC-230825-26000-C,BTCUSDT,C,230825-26000,5000.0,5000.0,5000.0,5000.0,0.0,0.0,3055.0,3375.0,3.0,3.0,,0.64596653,3220.0,0.39798326,0.97050809,3.676e-05,3.07590886,-6.80088154,22.64,661179.77410102,2023-08-16 07:00:00+00:00,26000,29197.67
2023-08-16,8,BTC-230825-26000-C,BTCUSDT,C,230825-26000,5000.0,5000.0,5000.0,5000.0,0.0,0.0,3060.0,3370.0,3.0,3.0,,0.65951824,3205.0,0.40475912,0.96799835,3.879e-05,3.28144093,-7.41316147,22.64,660757.49580655,2023-08-16 08:00:00+00:00,26000,29179.96
2023-08-16,9,BTC-230825-26000-C,BTCUSDT,C,230825-26000,5000.0,5000.0,5000.0,5000.0,0.0,0.0,3000.0,3350.0,3.0,3.0,,0.65245628,3190.0,0.40122814,0.96887917,3.835e-05,3.19763018,-7.19426663,22.64,660339.06382418,2023-08-16 09:00:00+00:00,26000,29167.59
2023-08-16,10,BTC-230825-26000-C,BTCUSDT,C,230825-26000,5000.0,5000.0,5000.0,5000.0,0.0,0.0,3040.0,3355.0,3.0,2.56,,0.62861443,3216.0,0.38930721,0.97390229,3.418e-05,2.75850381,-6.05016356,22.64,661052.47261537,2023-08-16 10:00:00+00:00,26000,29197.33
2023-08-16,11,BTC-230825-26000-C,BTCUSDT,C,230825-26000,5000.0,5000.0,5000.0,5000.0,0.0,0.0,3040.0,3385.0,3.0,3.0,,0.69485188,3194.0,0.42242594,0.96255634,4.261e-05,3.70505372,-8.85910607,22.64,660317.41401311,2023-08-16 11:00:00+00:00,26000,29164.67
2023-08-16,12,BTC-230825-26000-C,BTCUSDT,C,230825-26000,5000.0,5000.0,5000.0,5000.0,0.0,0.0,2990.0,3300.0,3.0,4.8,,0.60710907,3175.0,0.37855453,0.97623076,3.27e-05,2.53520457,-5.45807728,22.64,660206.29888362,2023-08-16 12:00:00+00:00,26000,29160.0
2023-08-16,13,BTC-230825-26000-C,BTCUSDT,C,230825-26000,5000.0,5000.0,5000.0,5000.0,0.0,0.0,2960.0,3275.0,3.0,2.95,,0.64963341,3115.0,0.3998167,0.96754855,4.032e-05,3.27054149,-7.47208793,22.64,658607.04411435,2023-08-16 13:00:00+00:00,26000,29088.62
2023-08-16,14,BTC-230825-26000-C,BTCUSDT,C,230825-26000,5000.0,5000.0,5000.0,5000.0,0.0,0.0,3005.0,3320.0,3.0,2.13,,0.63407421,3178.0,0.39203711,0.97283739,3.548e-05,2.82155071,-6.35110682,22.64,660038.10856271,2023-08-16 14:00:00+00:00,26000,29159.91
2023-08-16,15,BTC-230825-26000-C,BTCUSDT,C,230825-26000,5000.0,5000.0,5000.0,5000.0,0.0,0.0,3000.0,3310.0,3.0,5.83,,0.67661285,3133.0,0.41330643,0.96438486,4.228e-05,3.51550331,-8.38256636,22.64,658929.18892316,2023-08-16 15:00:00+00:00,26000,29106.55
2023-08-16,16,BTC-230825-26000-C,BTCUSDT,C,230825-26000,5000.0,5000.0,5000.0,5000.0,0.0,0.0,2900.0,3200.0,3.0,5.87,,0.56956291,3097.0,0.35978146,0.9800909,2.998e-05,2.15649074,-4.49776427,22.64,658344.16137153,2023-08-16 16:00:00+00:00,26000,29086.52
2023-08-16,17,BTC-230825-26000-C,BTCUSDT,C,230825-26000,5000.0,5000.0,5000.0,5000.0,0.0,0.0,2965.0,3275.0,3.0,4.01,,0.5731678,3177.0,0.3615839,0.9821548,2.717e-05,1.96544746,-4.13984389,22.64,660366.87868136,2023-08-16 17:00:00+00:00,26000,29168.0
2023-08-16,18,BTC-230825-26000-C,BTCUSDT,C,230825-26000,5000.0,5000.0,5000.0,5000.0,0.0,0.0,3075.0,3395.0,3.0,3.0,,0.71193695,3200.0,0.43096848,0.96234402,4.266e-05,3.66094219,-9.23560118,22.64,660453.06253168,2023-08-16 18:00:00+00:00,26000,29172.0
2023-08-16,19,BTC-230825-26000-C,BTCUSDT,C,230825-26000,5000.0,5000.0,5000.0,5000.0,0.0,0.0,3010.0,3325.0,3.0,3.0,,0.69369316,3140.0,0.42184658,0.96315877,4.3e-05,3.58008938,-8.8838024,22.64,659525.40850832,2023-08-16 19:00:00+00:00,26000,29111.7
2023-08-16,20,BTC-230825-26000-C,BTCUSDT,C,230825-26000,5000.0,5000.0,5000.0,5000.0,0.0,0.0,2835.0,3685.0,3.0,3.0,,1.09645367,3137.0,0.62322683,0.88270602,7.161e-05,8.68177509,-31.98447956,22.64,655812.38724697,2023-08-16 20:00:00+00:00,26000,28974.01
2023-08-16,21,BTC-230825-26000-C,BTCUSDT,C,230825-26000,5000.0,5000.0,5000.0,5000.0,0.0,0.0,2780.0,3685.0,3.0,3.0,,1.12344265,3110.0,0.63672132,0.8754986,7.339e-05,9.01817676,-34.11123302,22.64,654913.70443303,2023-08-16 21:00:00+00:00,26000,28929.63
2023-08-16,22,BTC-230825-26000-C,BTCUSDT,C,230825-26000,5000.0,5000.0,5000.0,5000.0,0.0,0.0,2830.0,3685.0,3.0,3.0,,1.13768578,3097.0,0.64384289,0.87210907,7.418e-05,9.15933822,-35.20696489,22.64,654529.76919571,2023-08-16 22:00:00+00:00,26000,28910.0
2023-08-16,23,BTC-230825-26000-C,BTCUSDT,C,230825-26000,5000.0,5000.0,5000.0,5000.0,0.0,0.0,2665.0,2955.0,3.0,2.06,,0.65786839,2766.0,0.40393419,0.95223263,5.671e-05,4.31686103,-10.46235213,22.64,650526.93260655,2023-08-16 23:00:00+00:00,26000,28730.51
2023-08-17,0,BTC-230825-26000-C,BTCUSDT,C,230825-26000,5000.0,5000.0,5000.0,5000.0,0.0,0.0,2310.0,3205.0,3.0,3.0,,0.97270012,2732.0,0.56135006,0.87710305,8.413e-05,8.7627696,-29.662157,22.64,646680.80213627,2023-08-17 00:00:00+00:00,26000,28580.85
2023-08-17,1,BTC-230825-26000-C,BTCUSDT,C,230825-26000,5000.0,5000.0,5000.0,5000.0,0.0,0.0,2495.0,3205.0,3.0,3.0,,0.94403267,2766.0,0.54701633,0.88766195,8.106e-05,8.21735384,-27.2425483,22.64,647983.46046599,2023-08-17 01:00:00+00:00,26000,28632.69
2023-08-17,2,BTC-230825-26000-C,BTCUSDT,C,230825-26000,5000.0,5000.0,5000.0,5000.0,0.0,0.0,2500.0,2775.0,3.0,4.47,,0.60634613,2615.0,0.37817307,0.95539071,5.806e-05,4.03472277,-9.29434311,22.64,647083.14230328,2023-08-17 02:00:00+00:00,26000,28584.35
2023-08-17,3,BTC-230825-26000-C,BTCUSDT,C,230825-26000,5000.0,5000.0,5000.0,5000.0,0.0,0.0,2550.0,2815.0,3.0,2.54,,0.58277607,2679.0,0.36638803,0.96429084,5.002e-05,3.36715576,-7.55316633,22.64,648800.94359571,2023-08-17 03:00:00+00:00,26000,28657.31
2023-08-17,4,BTC-230825-26000-C,BTCUSDT,C,230825-26000,5000.0,5000.0,5000.0,5000.0,0.0,0.0,2550.0,2815.0,3.0,2.54,,0.59201717,2673.0,0.37100859,0.96250728,5.155e-05,3.49422855,-7.97776585,22.64,648592.76257582,2023-08-17 04:00:00+00:00,26000,28649.99
2023-08-17,5,BTC-230825-26000-C,BTCUSDT,C,230825-26000,5000.0,5000.0,5000.0,5000.0,0.0,0.0,2550.0,2815.0,3.0,2.54,,0.5637455,2696.0,0.35687275,0.96943182,4.538e-05,2.94936982,-6.51060749,22.64,649279.2272791,2023-08-17 05:00:00+00:00,26000,28679.64
2023-08-17,6,BTC-230825-26000-C,BTCUSDT,C,230825-26000,5000.0,5000.0,5000.0,5000.0,0.0,0.0,2605.0,2880.0,3.0,3.03,,0.62865257,2717.0,0.38932629,0.95836083,5.37e-05,3.79114012,-9.17712982,22.64,649527.20991638,2023-08-17 06:00:00+00:00,26000,28690.22
2023-08-17,7,BTC-230825-26000-C,BTCUSDT,C,230825-26000,5000.0,5000.0,5000.0,5000.0,0.0,0.0,2515.0,2780.0,3.0,5.37,,0.58441162,2644.0,0.36720581,0.96360406,5.128e-05,3.38081783,-7.75908846,22.64,647991.81736271,2023-08-17 07:00:00+00:00,26000,28621.99
2023-08-17,8,BTC-230825-26000-C,BTCUSDT,C,230825-26000,5000.0,5000.0,5000.0,5000.0,0.0,0.0,2475.0,2755.0,3.0,3.0,,0.62309265,2586.0,0.38654633,0.95252127,6.072e-05,4.17225516,-10.13257102,22.64,646491.73325718,2023-08-17 08:00:00+00:00,26000,28554.01
2023-08-17,9,BTC-230825-26000-C,BTCUSDT,C,230825-26000,5000.0,5000.0,5000.0,5000.0,0.0,0.0,2470.0,2755.0,3.0,5.51,,0.5874157,2616.0,0.36870785,0.96227986,5.291e-05,3.45939721,-8.05582126,22.64,647269.25803073,2023-08-17 09:00:00+00:00,26000,28593.12
2023-08-17,10,BTC-230825-26000-C,BTCUSDT,C,230825-26000,5000.0,5000.0,5000.0,5000.0,0.0,0.0,2420.0,2685.0,3.0,5.67,,0.56033134,2561.0,0.35516567,0.96511888,5.175e-05,3.23033154,-7.28445198,22.64,646380.90423729,2023-08-17 10:00:00+00:00,26000,28540.0
2023-08-17,11,BTC-230825-26000-C,BTCUSDT,C,230825-26000,5000.0,5000.0,5000.0,5000.0,0.0,0.0,2420.0,2730.0,3.0,5.15,,0.6096983,2573.0,0.37984915,0.95595372,5.865e-05,3.89582282,-9.4456774,22.64,646241.10596927,2023-08-17 11:00:00+00:00,26000,28545.11
2023-08-17,12,BTC-230825-26000-C,BTCUSDT,C,230825-26000,5000.0,5000.0,5000.0,5000.0,0.0,0.0,2445.0,2715.0,4.62,5.34,,0.63812256,2534.0,0.39406128,0.94754994,6.53e-05,4.46074747,-11.28003365,22.64,645410.70062418,2023-08-17 12:00:00+00:00,26000,28496.41
2023-08-17,13,BTC-230825-26000-C,BTCUSDT,C,230825-26000,5000.0,5000.0,5000.0,5000.0,0.0,0.0,2295.0,2560.0,3.0,5.56,,0.56311131,2425.0,0.35655565,0.95774779,6.105e-05,3.72806488,-8.57587497,22.64,643088.85915593,2023-08-17 13:00:00+00:00,26000,28400.0
2023-08-17,14,BTC-230825-26000-C,BTCUSDT,C,230825-26000,5000.0,5000.0,5000.0,5000.0,0.0,0.0,2255.0,2530.0,3.0,3.75,,0.53598404,2414.0,0.34299202,0.96340348,5.663e-05,3.30702019,-7.35749078,22.64,643120.22923955,2023-08-17 14:00:00+00:00,26000,28394.34
2023-08-17,15,BTC-230825-26000-C,BTCUSDT,C,230825-26000,5000.0,5000.0,5000.0,5000.0,0.0,0.0,1840.0,2110.0,3.0,2.38,,0.52089691,1963.0,0.33544846,0.93205456,9.667e-05,5.31011016,-11.61694934,22.64,632458.2123252,2023-08-17 15:00:00+00:00,26000,27934.02
2023-08-17,16,BTC-230825-26000-C,BTCUSDT,C,230825-26000,5000.0,5000.0,5000.0,5000.0,0.0,0.0,1955.0,2165.0,3.21,4.89,,0.56404591,2035.0,0.42452097,0.88524752,0.00011306,7.82556082,-21.78432539,22.64,632280.80180226,2023-08-17 16:00:00+00:00,26000,27937.35
2023-08-17,17,BTC-230825-26000-C,BTCUSDT,C,230825-26000,5000.0,5000.0,5000.0,5000.0,0.0,0.0,1900.0,2240.0,3.0,4.11,,0.60765266,2034.0,0.37882633,0.91420521,0.00010259,6.31817138,-15.78122662,22.64,633182.25694056,2023-08-17 17:00:00+00:00,26000,27974.0
2023-08-17,18,BTC-230825-26000-C,BTCUSDT,C,230825-26000,5000.0,5000.0,5000.0,5000.0,0.0,0.0,1820.0,2140.0,3.0,2.52,,0.58826923,1941.0,0.36913462,0.91005318,0.00010973,6.50464156,-15.91879349,22.64,631028.35451435,2023-08-17 18:00:00+00:00,26000,27879.97
2023-08-17,19,BTC-230825-26000-C,BTCUSDT,C,230825-26000,5000.0,5000.0,5000.0,5000.0,0.0,0.0,1850.0,2125.0,5.32,2.13,,0.56433678,1947.0,0.35716839,0.91905205,0.00010503,5.99745029,-14.28064232,22.64,631543.932,2023-08-17 19:00:00+00:00,26000,27894.01
2023-08-17,20,BTC-230825-26000-C,BTCUSDT,C,230825-26000,5000.0,5000.0,5000.0,5000.0,0.0,0.0,1615.0,1870.0,4.71,1.5,,0.49472809,1723.0,0.32236404,0.91565795,0.00012132,6.11978682,-13.22544917,22.64,625489.18494056,2023-08-17 20:00:00+00:00,26000,27679.57
2023-08-17,21,BTC-230825-26000-C,BTCUSDT,C,230825-26000,5000.0,5000.0,275.0,860.0,27.16,27.16,665.0,745.0,2.34,2.41,,0.40445924,704.0,0.37703454,0.58639843,0.00027592,14.58688059,-37.07696159,25.12,659568.8367648,2023-08-17 21:00:00+00:00,26000,26253.92
2023-08-17,22,BTC-230825-26000-C,BTCUSDT,C,230825-26000,5000.0,5000.0,275.0,1680.0,27.27,27.27,930.0,1295.0,0.08,2.49,,0.55094481,1102.0,0.40803432,0.7124736,0.00021921,12.99451308,-35.94711219,25.23,677715.9305703,2023-08-17 22:00:00+00:00,26000,26801.29
2023-08-17,23,BTC-230825-26000-C,BTCUSDT,C,230825-26000,5000.0,5000.0,275.0,1680.0,27.27,27.27,1010.0,1355.0,1.5,1.5,,0.56421876,1173.0,0.42868555,0.71734591,0.00020657,12.91354314,-37.5637817,25.23,672672.55060891,2023-08-17 23:00:00+00:00,26000,26623.41
2023-08-18,1,BTC-230825-26000-C,BTCUSDT,C,230825-26000,5000.0,5000.0,275.0,975.0,27.32,27.32,955.0,985.0,0.05,2.48,,0.42689085,969.0,0.4159081,0.66541075,0.00023342,13.65821414,-39.17622622,25.23,671415.10127154,2023-08-18 01:00:00+00:00,26000,26613.49
2023-08-18,2,BTC-230825-26000-C,BTCUSDT,C,230825-26000,5000.0,5000.0,275.0,915.0,27.51,27.51,840.0,860.0,0.13,1.5,,0.39962292,849.0,0.3924346,0.64082165,0.00025596,13.91193154,-37.86946462,25.34,671711.90689236,2023-08-18 02:00:00+00:00,26000,26482.13
2023-08-18,3,BTC-230825-26000-C,BTCUSDT,C,230825-26000,5000.0,5000.0,275.0,810.0,27.67,27.67,805.0,880.0,0.24,1.5,,0.45226216,842.0,0.42579889,0.61189346,0.00024327,14.17237347,-42.10165946,25.5,673328.02681317,2023-08-18 03:00:00+00:00,26000,26398.0
2023-08-18,4,BTC-230825-26000-C,BTCUSDT,C,230825-26000,5000.0,5000.0,275.0,810.0,27.67,27.67,745.0,810.0,0.24,1.5,,0.45865774,777.0,0.43601871,0.57856357,0.00024446,14.35609029,-43.92641216,25.5,669388.98576927,2023-08-18 04:00:00+00:00,26000,26267.94
2023-08-18,5,BTC-230825-26000-C,BTCUSDT,C,230825-26000,5000.0,5000.0,275.0,810.0,27.67,27.67,835.0,905.0,9.54,11.04,,0.45304894,869.0,0.42803288,0.62287578,0.00024092,13.99301174,-42.27853595,25.5,674232.1279122,2023-08-18 05:00:00+00:00,26000,26443.76
2023-08-18,6,BTC-230825-26000-C,BTCUSDT,C,230825-26000,585.0,1680.0,275.0,810.0,27.67,27.67,885.0,955.0,9.32,2.41,,0.45972824,919.0,0.43436885,0.6378524,0.00023438,13.80417568,-42.57581568,25.5,675909.7420878,2023-08-18 06:00:00+00:00,26000,26502.66
2023-08-18,7,BTC-230825-26000-C,BTCUSDT,C,230825-26000,585.0,1680.0,275.0,810.0,27.67,27.67,785.0,865.0,4.11,2.41,,0.43609142,824.0,0.4072994,0.62322771,0.00025481,13.89571656,-40.42648322,25.5,673832.13659342,2023-08-18 07:00:00+00:00,26000,26429.99
2023-08-18,8,BTC-230825-26000-C,BTCUSDT,C,230825-26000,585.0,1680.0,275.0,810.0,27.67,27.67,880.0,955.0,4.43,8.87,,0.42545319,917.0,0.39728582,0.66855622,0.00024873,13.3185238,-38.02097127,25.5,677802.93494513,2023-08-18 08:00:00+00:00,26000,26591.69
2023-08-18,9,BTC-230825-26000-C,BTCUSDT,C,230825-26000,585.0,1680.0,275.0,870.0,27.7,27.7,830.0,865.0,0.23,9.41,,0.42555571,847.0,0.41282773,0.62987888,0.0002512,13.74989518,-41.03370015,25.5,674405.8978022,2023-08-18 09:00:00+00:00,26000,26451.61
2023-08-18,10,BTC-230825-26000-C,BTCUSDT,C,230825-26000,585.0,1680.0,275.0,850.0,28.04,28.04,795.0,870.0,4.72,9.44,,0.43089509,832.0,0.40347219,0.63237449,0.00025724,13.67760946,-40.13473226,25.84,683494.81964841,2023-08-18 10:00:00+00:00,26000,26452.08
2023-08-18,11,BTC-230825-26000-C,BTCUSDT,C,230825-26000,585.0,1680.0,275.0,910.0,28.12,28.12,840.0,910.0,4.65,9.3,,0.44186354,874.0,0.41604817,0.64008718,0.00024804,13.56062444,-41.28192743,25.92,686785.09861981,2023-08-18 11:00:00+00:00,26000,26494.0
2023-08-18,12,BTC-230825-26000-C,BTCUSDT,C,230825-26000,585.0,1680.0,275.0,910.0,28.12,28.12,755.0,815.0,5.0,9.99,,0.44792533,784.0,0.42634964,0.59661573,0.00025287,13.90521089,-43.64518936,25.92,682357.02836037,2023-08-18 12:00:00+00:00,26000,26328.02
2023-08-18,13,BTC-230825-26000-C,BTCUSDT,C,230825-26000,585.0,1680.0,275.0,910.0,28.12,28.12,725.0,765.0,5.0,0.44,,0.45045495,744.0,0.43616533,0.5730459,0.00025202,13.9960687,-45.21918145,25.92,680570.50802642,2023-08-18 13:00:00+00:00,26000,26241.78
2023-08-18,14,BTC-230825-26000-C,BTCUSDT,C,230825-26000,585.0,1680.0,275.0,650.0,28.14,28.14,630.0,640.0,0.02,2.92,,0.44713259,634.0,0.44357657,0.51760681,0.00025469,14.06012465,-46.4849528,25.92,674999.568,2023-08-18 14:00:00+00:00,26000,26012.08
2023-08-18,15,BTC-230825-26000-C,BTCUSDT,C,230825-26000,585.0,1680.0,275.0,700.0,28.17,28.17,600.0,620.0,5.0,0.97,,0.44374168,609.0,0.43660432,0.51077516,0.00025998,14.01101056,-45.87942848,25.92,673189.0503033,2023-08-18 15:00:00+00:00,26000,26002.0
2023-08-18,16,BTC-230825-26000-C,BTCUSDT,C,230825-26000,585.0,1680.0,275.0,605.0,28.19,28.19,530.0,555.0,0.53,1.06,,0.43314397,542.0,0.42415738,0.48430233,0.00026935,13.90938922,-44.52648904,25.94,669471.99685492,2023-08-18 16:00:00+00:00,26000,25904.91
2023-08-18,17,BTC-230825-26000-C,BTCUSDT,C,230825-26000,585.0,1680.0,275.0,540.0,28.23,28.23,565.0,605.0,9.99,12.46,,0.42994499,585.0,0.41558504,0.51442731,0.00027461,13.9276073,-43.96021577,25.95,675124.34808785,2023-08-18 17:00:00+00:00,26000,26012.02
2023-08-18,18,BTC-230825-26000-C,BTCUSDT,C,230825-26000,585.0,1680.0,275.0,540.0,28.23,28.23,620.0,650.0,9.99,0.93,,0.42055249,634.0,0.40973067,0.5457577,0.00027656,13.86108721,-43.40868184,25.95,678227.97379114,2023-08-18 18:00:00+00:00,26000,26124.01
2023-08-18,19,BTC-230825-26000-C,BTCUSDT,C,230825-26000,585.0,1680.0,275.0,540.0,28.23,28.23,645.0,675.0,9.99,0.95,,0.46405077,659.0,0.45321345,0.52800525,0.00025246,13.84118563,-48.25384897,25.95,675739.91630759,2023-08-18 19:00:00+00:00,26000,26065.01
2023-08-18,20,BTC-230825-26000-C,BTCUSDT,C,230825-26000,585.0,1680.0,275.0,635.0,28.24,28.24,620.0,650.0,9.99,0.94,,0.43844402,634.0,0.42756766,0.53455302,0.00026788,13.79126732,-45.65178843,25.95,677785.83712076,2023-08-18 20:00:00+00:00,26000,26083.78
2023-08-18,21,BTC-230825-26000-C,BTCUSDT,C,230825-26000,1680.0,1680.0,460.0,635.0,1.08,1.08,580.0,610.0,9.99,0.95,,0.41820109,594.0,0.40729195,0.52979268,0.00028261,13.74987194,-43.63793794,25.95,676922.0043957,2023-08-18 21:00:00+00:00,26000,26062.75
2023-08-18,22,BTC-230825-26000-C,BTCUSDT,C,230825-26000,975.0,975.0,460.0,600.0,0.98,0.98,565.0,600.0,9.99,0.95,,0.41046619,582.0,0.3976956,0.5313799,0.00029023,13.70340955,-42.74333962,25.96,676822.91242196,2023-08-18 22:00:00+00:00,26000,26071.99
2023-08-18,23,BTC-230825-26000-C,BTCUSDT,C,230825-26000,975.0,975.0,460.0,600.0,0.98,0.98,555.0,580.0,9.99,0.96,,0.40426493,567.0,0.39511532,0.526107,0.00029358,13.66200139,-42.61623262,25.96,676338.50738019,2023-08-18 23:00:00+00:00,26000,26054.0
2023-08-19,0,BTC-230825-26000-C,BTCUSDT,C,230825-26000,975.0,975.0,460.0,580.0,1.44,1.44,545.0,570.0,9.99,0.92,,0.38043022,557.0,0.37123829,0.54075117,0.00031198,13.59867861,-40.11926561,26.42,689513.00977154,2023-08-19 00:00:00+00:00,26000,26099.09
2023-08-19,1,BTC-230825-26000-C,BTCUSDT,C,230825-26000,930.0,930.0,460.0,580.0,1.39,1.39,480.0,510.0,9.99,0.99,,0.36847711,494.0,0.35742551,0.51566515,0.00032757,13.57266704,-38.80966774,26.42,687495.94438682,2023-08-19 01:00:00+00:00,26000,26016.01
2023-08-19,2,BTC-230825-26000-C,BTCUSDT,C,230825-26000,830.0,910.0,460.0,580.0,1.2,1.2,480.0,505.0,10.04,10.96,,0.37139118,492.0,0.36214918,0.51109956,0.00032468,13.52518238,-39.44798305,26.42,687152.16502424,2023-08-19 02:00:00+00:00,26000,26002.01
2023-08-19,3,BTC-230825-26000-C,BTCUSDT,C,230825-26000,870.0,910.0,460.0,580.0,1.04,1.04,465.0,490.0,9.99,0.98,,0.37562668,477.0,0.36634356,0.49903184,0.00032263,13.46538552,-39.9968755,26.42,686030.967,2023-08-19 03:00:00+00:00,26000,25967.51
2023-08-19,4,BTC-230825-26000-C,BTCUSDT,C,230825-26000,870.0,910.0,460.0,580.0,1.04,1.04,465.0,500.0,0.19,0.97,,0.37695289,482.0,0.36392123,0.5052687,0.00032561,13.42889769,-39.89429931,26.42,686405.39356258,2023-08-19 04:00:00+00:00,26000,25988.76
2023-08-19,5,BTC-230825-26000-C,BTCUSDT,C,230825-26000,870.0,910.0,460.0,580.0,1.04,1.04,405.0,425.0,9.99,1.05,,0.35878181,414.0,0.3512612,0.47077554,0.00033893,13.29689724,-38.38911103,26.42,684060.76082424,2023-08-19 05:00:00+00:00,26000,25884.49
2023-08-19,6,BTC-230825-26000-C,BTCUSDT,C,230825-26000,870.0,910.0,440.0,440.0,1.05,1.05,400.0,420.0,0.4,1.1,,0.37387669,409.0,0.36628991,0.45620214,0.00032568,13.18118069,-39.95689066,26.43,683146.47994289,2023-08-19 06:00:00+00:00,26000,25836.28
2023-08-19,7,BTC-230825-26000-C,BTCUSDT,C,230825-26000,870.0,910.0,440.0,440.0,1.05,1.05,420.0,450.0,2.5,1.05,,0.36916494,434.0,0.35783768,0.48153995,0.00033515,13.24245086,-39.48865594,26.43,684971.163577,2023-08-19 07:00:00+00:00,26000,25917.99
2023-08-19,8,BTC-230825-26000-C,BTCUSDT,C,230825-26000,870.0,910.0,425.0,425.0,1.23,1.23,420.0,455.0,4.97,5.0,,0.36806941,437.0,0.35482377,0.48679419,0.00033913,13.21185031,-39.33876424,26.57,689142.73809221,2023-08-19 08:00:00+00:00,26000,25932.97
2023-08-19,9,BTC-230825-26000-C,BTCUSDT,C,230825-26000,840.0,910.0,425.0,425.0,1.2,1.2,425.0,450.0,2.53,6.73,,0.36146164,437.0,0.35197377,0.49022067,0.00034302,13.17444278,-39.18633168,26.57,689358.83686601,2023-08-19 09:00:00+00:00,26000,25945.99
2023-08-19,10,BTC-230825-26000-C,BTCUSDT,C,230825-26000,910.0,910.0,410.0,410.0,1.18,1.18,405.0,420.0,2.5,0.99,,0.35237014,412.0,0.34664273,0.47787484,0.00034955,13.09462263,-38.63103683,26.89,696757.96560232,2023-08-19 10:00:00+00:00,26000,25908.82
2023-08-19,11,BTC-230825-26000-C,BTCUSDT,C,230825-26000,650.0,700.0,410.0,425.0,1.15,1.15,405.0,415.0,2.5,0.94,,0.35341084,409.0,0.34957558,0.47462506,0.00034782,13.03678311,-39.0628454,26.89,696545.56119679,2023-08-19 11:00:00+00:00,26000,25900.08
2023-08-19,12,BTC-230825-26000-C,BTCUSDT,C,230825-26000,650.0,700.0,410.0,425.0,1.15,1.15,405.0,425.0,2.55,11.04,,0.35752892,414.0,0.34983993,0.47910259,0.00034885,13.00523346,-39.27833797,26.94,698192.12343956,2023-08-19 12:00:00+00:00,26000,25914.37
2023-08-19,13,BTC-230825-26000-C,BTCUSDT,C,230825-26000,650.0,700.0,410.0,425.0,1.15,1.15,405.0,430.0,2.55,11.04,,0.35856247,417.0,0.3489244,0.48275095,0.00035103,12.96958443,-39.3512638,26.94,698521.29767476,2023-08-19 13:00:00+00:00,26000,25925.24
2023-08-19,14,BTC-230825-26000-C,BTCUSDT,C,230825-26000,700.0,700.0,410.0,425.0,1.13,1.13,440.0,465.0,2.55,1.01,,0.36740899,452.0,0.35776436,0.50108528,0.00034325,12.96010921,-40.61304366,26.94,699832.46155389,2023-08-19 14:00:00+00:00,26000,25975.0
2023-08-19,15,BTC-230825-26000-C,BTCUSDT,C,230825-26000,605.0,635.0,410.0,500.0,1.18,1.18,555.0,580.0,2.5,10.85,,0.35732985,567.0,0.34751713,0.58441639,0.00034353,12.73892459,-39.06163681,27.02,707511.66292309,2023-08-19 15:00:00+00:00,26000,26216.01
2023-08-19,16,BTC-230825-26000-C,BTCUSDT,C,230825-26000,530.0,635.0,410.0,510.0,1.17,1.17,600.0,630.0,2.55,0.84,,0.38122416,614.0,0.36936671,0.59254458,0.00032245,12.6503943,-41.53444312,27.02,708888.9376461,2023-08-19 16:00:00+00:00,26000,26253.3
2023-08-19,17,BTC-230825-26000-C,BTCUSDT,C,230825-26000,635.0,635.0,410.0,510.0,1.13,1.13,520.0,535.0,0.05,0.94,,0.3809464,527.0,0.37509263,0.53840691,0.0003281,12.8127014,-43.0382673,27.02,705176.72516911,2023-08-19 17:00:00+00:00,26000,26086.9
2023-08-19,18,BTC-230825-26000-C,BTCUSDT,C,230825-26000,635.0,635.0,410.0,510.0,1.46,1.46,525.0,535.0,2.55,10.32,,0.36557317,529.0,0.36164612,0.55262626,0.00033966,12.73168964,-41.54306606,27.35,714779.37145607,2023-08-19 18:00:00+00:00,26000,26126.44
2023-08-19,19,BTC-230825-26000-C,BTCUSDT,C,230825-26000,635.0,635.0,410.0,520.0,1.51,1.51,525.0,535.0,2.5,0.92,,0.36699414,529.0,0.36305219,0.55259233,0.00033963,12.68383668,-41.86259079,27.4,716157.80762648,2023-08-19 19:00:00+00:00,26000,26125.62
2023-08-19,20,BTC-230825-26000-C,BTCUSDT,C,230825-26000,600.0,600.0,410.0,515.0,1.54,1.54,485.0,500.0,2.5,0.96,,0.37073433,492.0,0.36481947,0.52860252,0.00034229,12.67965606,-42.37351655,27.44,714913.34104607,2023-08-19 20:00:00+00:00,26000,26056.78
2023-08-19,21,BTC-230825-26000-C,BTCUSDT,C,230825-26000,600.0,600.0,410.0,515.0,1.54,1.54,500.0,510.0,2.5,0.94,,0.36827087,504.0,0.36430866,0.53826503,0.00034302,12.61895706,-42.43555804,27.44,715845.16115444,2023-08-19 21:00:00+00:00,26000,26084.96
2023-08-19,22,BTC-230825-26000-C,BTCUSDT,C,230825-26000,580.0,590.0,410.0,505.0,1.88,1.88,485.0,505.0,5.65,10.95,,0.37865162,494.0,0.37070483,0.52763892,0.00033955,12.58339782,-43.39270979,27.79,724064.53496926,2023-08-19 22:00:00+00:00,26000,26054.0
2023-08-19,23,BTC-230825-26000-C,BTCUSDT,C,230825-26000,580.0,590.0,410.0,505.0,1.88,1.88,520.0,535.0,2.5,0.95,,0.38496196,527.0,0.37896931,0.54236334,0.00033179,12.51526092,-44.46458928,27.79,725308.46728459,2023-08-19 23:00:00+00:00,26000,26100.01
2023-08-20,0,BTC-230825-26000-C,BTCUSDT,C,230825-26000,440.0,565.0,410.0,565.0,2.35,2.35,565.0,575.0,2.5,0.9,,0.38199306,569.0,0.37795544,0.5697525,0.0003297,12.38370459,-44.22499122,28.72,751802.22492314,2023-08-20 00:00:00+00:00,26000,26181.68
2023-08-20,1,BTC-230825-26000-C,BTCUSDT,C,230825-26000,440.0,565.0,410.0,505.0,2.38,2.38,500.0,515.0,2.5,0.96,,0.38398385,507.0,0.37795067,0.5332445,0.0003364,12.43088075,-44.7452317,28.72,748799.9181802,2023-08-20 01:00:00+00:00,26000,26072.45
2023-08-20,2,BTC-230825-26000-C,BTCUSDT,C,230825-26000,440.0,565.0,410.0,505.0,2.38,2.38,515.0,530.0,2.5,0.95,,0.38808584,522.0,0.38202345,0.54049533,0.0003333,12.37099785,-45.36960789,28.72,749408.65909461,2023-08-20 02:00:00+00:00,26000,26094.0
2023-08-20,3,BTC-230825-26000-C,BTCUSDT,C,230825-26000,440.0,565.0,410.0,505.0,2.38,2.38,515.0,535.0,2.5,9.99,,0.38897872,524.0,0.38085759,0.54425878,0.00033519,12.3140503,-45.38602234,28.72,749715.80529229,2023-08-20 03:00:00+00:00,26000,26105.24
2023-08-20,4,BTC-230825-26000-C,BTCUSDT,C,230825-26000,440.0,565.0,410.0,505.0,2.38,2.38,515.0,535.0,2.5,10.92,,0.38277745,524.0,0.37461311,0.55076382,0.00034126,12.24845216,-44.76507658,28.72,750305.37008355,2023-08-20 04:00:00+00:00,26000,26121.47
2023-08-20,5,BTC-230825-26000-C,BTCUSDT,C,230825-26000,440.0,565.0,410.0,505.0,2.38,2.38,495.0,510.0,2.5,10.61,,0.37743568,502.0,0.37129819,0.54066968,0.00034713,12.22006833,-44.62897348,28.72,749371.11163959,2023-08-20 05:00:00+00:00,26000,26092.0
2023-08-20,6,BTC-230825-26000-C,BTCUSDT,C,230825-26000,425.0,565.0,410.0,505.0,2.37,2.37,470.0,490.0,3.48,9.99,,0.37468374,479.0,0.36647558,0.53133153,0.00035428,12.18288579,-44.27821399,28.72,748551.64167045,2023-08-20 06:00:00+00:00,26000,26063.99
2023-08-20,7,BTC-230825-26000-C,BTCUSDT,C,230825-26000,425.0,565.0,410.0,505.0,2.37,2.37,475.0,495.0,2.5,9.99,,0.36996782,484.0,0.36171645,0.54005826,0.0003594,12.11953141,-43.8382372,28.72,749209.88197816,2023-08-20 07:00:00+00:00,26000,26088.44
2023-08-20,8,BTC-230825-26000-C,BTCUSDT,C,230825-26000,435.0,565.0,410.0,505.0,2.19,2.19,485.0,510.0,3.47,9.99,,0.37357688,497.0,0.36320478,0.54832508,0.00035828,12.05165692,-44.1399242,28.72,749845.02004396,2023-08-20 08:00:00+00:00,26000,26112.0
2023-08-20,9,BTC-230825-26000-C,BTCUSDT,C,230825-26000,435.0,565.0,410.0,505.0,2.19,2.19,495.0,525.0,12.49,9.99,,0.37218511,509.0,0.35964727,0.56092256,0.0003613,11.9638232,-43.75674176,28.72,750862.0141802,2023-08-20 09:00:00+00:00,26000,26144.0
2023-08-20,10,BTC-230825-26000-C,BTCUSDT,C,230825-26000,425.0,565.0,425.0,505.0,1.87,1.87,495.0,515.0,3.42,9.99,,0.36272287,504.0,0.354321,0.56385172,0.00036778,11.90169008,-43.25137182,28.72,750754.14375371,2023-08-20 10:00:00+00:00,26000,26148.05
2023-08-20,11,BTC-230825-26000-C,BTCUSDT,C,230825-26000,500.0,565.0,500.0,505.0,1.82,1.82,510.0,530.0,7.13,9.99,,0.3636682,519.0,0.35520047,0.57411575,0.00036639,11.80953824,-43.39389811,28.72,751836.12399127,2023-08-20 11:00:00+00:00,26000,26176.7
2023-08-20,12,BTC-230825-26000-C,BTCUSDT,C,230825-26000,500.0,565.0,500.0,505.0,1.82,1.82,520.0,540.0,0.28,10.89,,0.37081838,529.0,0.36231041,0.57540456,0.00036046,11.75393492,-44.43717587,28.72,751950.65682649,2023-08-20 12:00:00+00:00,26000,26183.72
2023-08-20,13,BTC-230825-26000-C,BTCUSDT,C,230825-26000,500.0,565.0,500.0,505.0,1.82,1.82,485.0,510.0,2.5,9.99,,0.36984205,497.0,0.35921812,0.55869473,0.00036845,11.76556959,-44.48837367,28.72,750654.52638253,2023-08-20 13:00:00+00:00,26000,26135.9
2023-08-20,14,BTC-230825-26000-C,BTCUSDT,C,230825-26000,500.0,565.0,500.0,505.0,1.82,1.82,450.0,475.0,2.5,0.96,,0.37343562,462.0,0.36281556,0.53325216,0.00037011,11.77019547,-45.34937575,28.72,749586.19919127,2023-08-20 14:00:00+00:00,26000,26062.87
2023-08-20,15,BTC-230825-26000-C,BTCUSDT,C,230825-26000,510.0,565.0,505.0,505.0,1.74,1.74,500.0,520.0,0.95,10.33,,0.39622784,509.0,0.38768053,0.5453281,0.00034637,11.6997336,-48.59729657,28.72,749305.63950771,2023-08-20 15:00:00+00:00,26000,26106.83
2023-08-20,16,BTC-230825-26000-C,BTCUSDT,C,230825-26000,525.0,565.0,500.0,500.0,2.78,2.78,480.0,495.0,2.53,0.99,,0.40041089,487.0,0.39398581,0.52718649,0.00034447,11.67266123,-49.71731196,29.77,775538.47610009,2023-08-20 16:00:00+00:00,26000,26053.01
2023-08-20,17,BTC-230825-26000-C,BTCUSDT,C,230825-26000,525.0,565.0,500.0,500.0,2.78,2.78,525.0,545.0,12.49,0.92,,0.41329622,534.0,0.40466458,0.55014333,0.00033413,11.58550256,-51.14433428,29.77,777539.90011439,2023-08-20 17:00:00+00:00,26000,26124.18
2023-08-20,18,BTC-230825-26000-C,BTCUSDT,C,230825-26000,520.0,565.0,500.0,500.0,2.45,2.45,525.0,545.0,0.91,10.59,,0.41929066,534.0,0.41062534,0.54696425,0.00033122,11.54020445,-52.16904533,29.77,777325.9715857,2023-08-20 18:00:00+00:00,26000,26113.81
2023-08-20,19,BTC-230825-26000-C,BTCUSDT,C,230825-26000,520.0,565.0,500.0,500.0,2.4,2.4,530.0,545.0,2.6,0.9,,0.40971518,537.0,0.40317357,0.55574814,0.00033762,11.46479272,-51.35877195,29.77,778097.55437147,2023-08-20 19:00:00+00:00,26000,26137.25
2023-08-20,20,BTC-230825-26000-C,BTCUSDT,C,230825-26000,505.0,565.0,500.0,500.0,2.36,2.36,590.0,600.0,2.5,0.86,,0.41294098,594.0,0.40851325,0.58656438,0.00032889,11.29229246,-51.73501786,29.77,780712.77035726,2023-08-20 20:00:00+00:00,26000,26232.98
2023-08-20,21,BTC-230825-26000-C,BTCUSDT,C,230825-26000,505.0,565.0,500.0,500.0,2.36,2.36,540.0,565.0,2.5,0.87,,0.41202068,552.0,0.40097058,0.56953557,0.00034027,11.31237002,-51.34998862,29.77,779062.77301425,2023-08-20 21:00:00+00:00,26000,26176.86
2023-08-20,22,BTC-230825-26000-C,BTCUSDT,C,230825-26000,540.0,565.0,500.0,500.0,2.01,2.01,565.0,580.0,2.5,0.87,,0.4100734,572.0,0.40338367,0.58091213,0.00033754,11.21148519,-51.68592117,29.77,780271.40884285,2023-08-20 22:00:00+00:00,26000,26209.46
2023-08-20,23,BTC-230825-26000-C,BTCUSDT,C,230825-26000,540.0,565.0,500.0,500.0,2.01,2.01,545.0,565.0,2.5,0.86,,0.40888548,554.0,0.39994359,0.57493749,0.00034336,11.18301856,-51.60651516,29.77,779673.93475713,2023-08-20 23:00:00+00:00,26000,26189.99
2023-08-21,0,BTC-230825-26000-C,BTCUSDT,C,230825-26000,505.0,530.0,500.0,520.0,1.21,1.21,510.0,525.0,2.5,0.9,,0.39960206,517.0,0.39289623,0.559159,0.00035426,11.18407102,-51.19418499,29.9,781571.25700009,2023-08-21 00:00:00+00:00,26000,26142.0
2023-08-21,1,BTC-230825-26000-C,BTCUSDT,C,230825-26000,505.0,530.0,500.0,520.0,1.18,1.18,505.0,525.0,3.79,0.9,,0.39949179,514.0,0.39050162,0.56109389,0.00035785,11.12313738,-51.10107435,29.9,781558.97500012,2023-08-21 01:00:00+00:00,26000,26146.14
2023-08-21,2,BTC-230825-26000-C,BTCUSDT,C,230825-26000,505.0,530.0,475.0,475.0,1.68,1.68,460.0,480.0,4.51,0.93,,0.38513958,469.0,0.37613779,0.54476968,0.00037611,11.10873974,-49.64442009,30.4,793350.29661541,2023-08-21 02:00:00+00:00,26000,26097.38
2023-08-21,3,BTC-230825-26000-C,BTCUSDT,C,230825-26000,505.0,530.0,455.0,455.0,1.73,1.73,450.0,470.0,3.94,10.92,,0.38092256,459.0,0.37187815,0.54298092,0.00038259,11.05659899,-49.34035348,30.45,794472.41226929,2023-08-21 03:00:00+00:00,26000,26090.66
2023-08-21,4,BTC-230825-26000-C,BTCUSDT,C,230825-26000,505.0,530.0,455.0,455.0,1.73,1.73,440.0,460.0,14.45,0.94,,0.38945794,449.0,0.38038313,0.53036449,0.00037749,11.01975826,-50.80870814,30.45,793493.505,2023-08-21 04:00:00+00:00,26000,26059.02
2023-08-21,5,BTC-230825-26000-C,BTCUSDT,C,230825-26000,505.0,530.0,455.0,455.0,1.73,1.73,455.0,475.0,3.5,10.9,,0.38581491,464.0,0.37667453,0.54562856,0.00038117,10.94033457,-50.46041306,30.45,794791.20369239,2023-08-21 05:00:00+00:00,26000,26104.54
2023-08-21,6,BTC-230825-26000-C,BTCUSDT,C,230825-26000,505.0,530.0,455.0,455.0,1.73,1.73,440.0,445.0,0.02,14.43,,0.39068222,442.0,0.38839161,0.52169712,0.00037436,10.91385099,-52.43920903,30.45,793153.92057699,2023-08-21 06:00:00+00:00,26000,26032.0
2023-08-21,7,BTC-230825-26000-C,BTCUSDT,C,230825-26000,505.0,530.0,435.0,435.0,2.35,2.35,405.0,425.0,0.97,9.99,,0.38077414,415.0,0.37156492,0.51665484,0.00039379,10.85839976,-50.4323602,31.07,808195.4826573,2023-08-21 07:00:00+00:00,26000,26023.34
2023-08-21,8,BTC-230825-26000-C,BTCUSDT,C,230825-26000,505.0,530.0,435.0,435.0,2.35,2.35,415.0,435.0,4.5,10.09,,0.37400723,424.0,0.36474168,0.53164548,0.00040177,10.79247871,-49.72364638,31.07,809670.09217155,2023-08-21 08:00:00+00:00,26000,26059.99
2023-08-21,9,BTC-230825-26000-C,BTCUSDT,C,230825-26000,505.0,530.0,435.0,435.0,2.35,2.35,395.0,420.0,5.32,10.95,,0.3749162,407.0,0.36328137,0.52111227,0.00040664,10.74348071,-49.82418957,31.07,808782.10815727,2023-08-21 09:00:00+00:00,26000,26028.0
2023-08-21,10,BTC-230825-26000-C,BTCUSDT,C,230825-26000,505.0,530.0,395.0,395.0,2.85,2.85,350.0,370.0,9.99,1.04,,0.37192166,359.0,0.3625381,0.48471145,0.00041134,10.65686748,-49.85172829,31.57,818926.19549223,2023-08-21 10:00:00+00:00,26000,25944.01
2023-08-21,11,BTC-230825-26000-C,BTCUSDT,C,230825-26000,505.0,530.0,365.0,400.0,2.97,2.97,415.0,435.0,11.99,0.95,,0.39358974,425.0,0.38418174,0.52045495,0.00038873,10.62906482,-53.26278605,31.64,823593.3305846,2023-08-21 11:00:00+00:00,26000,26031.6
2023-08-21,12,BTC-230825-26000-C,BTCUSDT,C,230825-26000,505.0,530.0,365.0,400.0,2.97,2.97,300.0,700.0,7.59,0.03,,0.65969229,500.0,0.47047168,0.5112504,0.0003198,10.56983095,-65.57526525,31.64,822697.13975397,2023-08-21 12:00:00+00:00,26000,26004.0
2023-08-21,13,BTC-230825-26000-C,BTCUSDT,C,230825-26000,505.0,530.0,365.0,400.0,2.97,2.97,0.0,0.0,0.0,0.0,,-1e-08,881.0,0.775,0.54022629,0.00019339,10.51099553,-108.61328528,31.64,826517.40550777,2023-08-21 13:00:00+00:00,26000,26129.7
2023-08-21,14,BTC-230825-26000-C,BTCUSDT,C,230825-26000,505.0,530.0,365.0,400.0,2.97,2.97,465.0,520.0,1.0,1.0,,0.44107437,492.0,0.41468352,0.54906619,0.00036276,10.42040403,-58.26278216,31.64,826453.82301545,2023-08-21 14:00:00+00:00,26000,26108.51
2023-08-21,15,BTC-230825-26000-C,BTCUSDT,C,230825-26000,505.0,530.0,365.0,400.0,2.97,2.97,400.0,425.0,0.03,1.03,,0.43731093,412.0,0.42525351,0.48709697,0.00036063,10.36699461,-60.11709454,31.64,821122.60470763,2023-08-21 15:00:00+00:00,26000,25939.59
2023-08-21,16,BTC-230825-26000-C,BTCUSDT,C,230825-26000,530.0,530.0,365.0,400.0,1.92,1.92,415.0,445.0,2.89,0.95,,0.42303801,430.0,0.40852666,0.51382317,0.00037644,10.33674293,-58.2458148,31.64,822853.48307701,2023-08-21 16:00:00+00:00,26000,26015.43
2023-08-21,17,BTC-230825-26000-C,BTCUSDT,C,230825-26000,530.0,530.0,365.0,400.0,1.92,1.92,420.0,445.0,0.94,0.93,,0.40753245,432.0,0.39536417,0.52759175,0.00038999,10.27271612,-56.67140533,31.64,824016.43039991,2023-08-21 17:00:00+00:00,26000,26050.7
2023-08-21,18,BTC-230825-26000-C,BTCUSDT,C,230825-26000,530.0,530.0,365.0,400.0,1.92,1.92,435.0,440.0,0.19,3.16,,0.4132396,437.0,0.41079253,0.52117079,0.00037815,10.21661225,-59.25027212,31.64,823743.13729246,2023-08-21 18:00:00+00:00,26000,26034.18
2023-08-21,19,BTC-230825-26000-C,BTCUSDT,C,230825-26000,530.0,530.0,365.0,400.0,1.92,1.92,455.0,460.0,0.18,3.12,,0.40290713,457.0,0.4004389,0.54539512,0.00038733,10.12875426,-57.94191217,31.64,825385.18375375,2023-08-21 19:00:00+00:00,26000,26097.74
2023-08-21,20,BTC-230825-26000-C,BTCUSDT,C,230825-26000,530.0,530.0,365.0,400.0,1.92,1.92,435.0,460.0,0.19,0.89,,0.39940715,447.0,0.386976,0.55100499,0.00040235,10.05521478,-56.25706713,31.64,826112.6638463,2023-08-21 20:00:00+00:00,26000,26105.6
2023-08-21,21,BTC-230825-26000-C,BTCUSDT,C,230825-26000,530.0,530.0,365.0,400.0,1.92,1.92,475.0,505.0,0.84,3.06,,0.39642096,489.0,0.38121462,0.58791478,0.00040284,9.86467806,-55.03239143,31.64,828948.92212317,2023-08-21 21:00:00+00:00,26000,26196.01
2023-08-21,22,BTC-230825-26000-C,BTCUSDT,C,230825-26000,530.0,530.0,365.0,450.0,2.83,2.83,435.0,450.0,0.19,0.88,,0.37991643,442.0,0.37233859,0.56366166,0.00042094,9.89717331,-54.59388073,30.73,803134.33085538,2023-08-21 22:00:00+00:00,26000,26132.0
2023-08-21,23,BTC-230825-26000-C,BTCUSDT,C,230825-26000,530.0,530.0,365.0,450.0,2.83,2.83,435.0,440.0,0.19,3.08,,0.37608624,437.0,0.37354648,0.56087429,0.00042277,9.84418342,-55.15870962,30.73,802850.93653089,2023-08-21 23:00:00+00:00,26000,26126.92
2023-08-22,0,BTC-230825-26000-C,BTCUSDT,C,230825-26000,475.0,475.0,365.0,400.0,3.3,3.3,390.0,410.0,4.08,3.1,,0.36256492,399.0,0.35236388,0.55227097,0.00045286,9.80308547,-52.46948552,30.32,791472.50700646,2023-08-22 00:00:00+00:00,26000,26100.11
2023-08-22,1,BTC-230825-26000-C,BTCUSDT,C,230825-26000,475.0,475.0,365.0,400.0,3.3,3.3,360.0,375.0,0.91,0.91,,0.35650492,367.0,0.34883529,0.52997731,0.00046393,9.77892173,-52.48032066,30.32,789849.80392981,2023-08-22 01:00:00+00:00,26000,26050.0
2023-08-22,2,BTC-230825-26000-C,BTCUSDT,C,230825-26000,465.0,465.0,365.0,370.0,2.85,2.85,360.0,380.0,2.91,0.91,,0.35573244,369.0,0.34543008,0.53731591,0.00047053,9.70648199,-52.25296703,30.37,791585.4729781,2023-08-22 02:00:00+00:00,26000,26065.61
2023-08-22,3,BTC-230825-26000-C,BTCUSDT,C,230825-26000,440.0,455.0,365.0,370.0,2.8,2.8,345.0,365.0,12.65,0.93,,0.34781873,354.0,0.33745378,0.53342039,0.00048541,9.64810085,-51.40699303,30.37,791308.40669488,2023-08-22 03:00:00+00:00,26000,26055.99
2023-08-22,4,BTC-230825-26000-C,BTCUSDT,C,230825-26000,440.0,455.0,365.0,370.0,2.8,2.8,320.0,340.0,11.99,0.98,,0.34644067,330.0,0.33602148,0.51346839,0.00049294,9.597569,-51.59963879,30.37,790067.30337697,2023-08-22 04:00:00+00:00,26000,26015.22
2023-08-22,5,BTC-230825-26000-C,BTCUSDT,C,230825-26000,440.0,455.0,335.0,335.0,2.81,2.81,330.0,360.0,9.99,0.97,,0.35365462,344.0,0.33790827,0.52800386,0.000492,9.52608459,-52.19887556,30.38,791325.82092304,2023-08-22 05:00:00+00:00,26000,26041.39
2023-08-22,6,BTC-230825-26000-C,BTCUSDT,C,230825-26000,440.0,455.0,330.0,330.0,2.89,2.89,350.0,365.0,2.91,0.91,,0.34718454,357.0,0.33924401,0.54042084,0.00049161,9.44525241,-52.67232479,30.3,789723.27085701,2023-08-22 06:00:00+00:00,26000,26069.99
2023-08-22,7,BTC-230825-26000-C,BTCUSDT,C,230825-26000,395.0,455.0,330.0,355.0,2.31,2.31,370.0,390.0,2.0,10.88,,0.35497069,379.0,0.34426689,0.55790462,0.00048446,9.34230839,-53.60391767,30.32,791550.99582408,2023-08-22 07:00:00+00:00,26000,26106.69
2023-08-22,8,BTC-230825-26000-C,BTCUSDT,C,230825-26000,395.0,455.0,330.0,355.0,2.31,2.31,345.0,360.0,24.88,0.94,,0.35130143,352.0,0.3432548,0.53652944,0.00049328,9.32092251,-54.07502396,30.32,790133.28593392,2023-08-22 08:00:00+00:00,26000,26061.72
2023-08-22,9,BTC-230825-26000-C,BTCUSDT,C,230825-26000,395.0,455.0,330.0,355.0,2.31,2.31,335.0,350.0,21.63,0.96,,0.35042703,342.0,0.34233004,0.53033557,0.00049903,9.26256909,-54.35730945,30.32,789850.980079,2023-08-22 09:00:00+00:00,26000,26048.07
2023-08-22,10,BTC-230825-26000-C,BTCUSDT,C,230825-26000,365.0,455.0,330.0,345.0,1.85,1.85,345.0,355.0,17.0,0.96,,0.35903215,349.0,0.35359561,0.52934958,0.00048673,9.19748538,-56.55960701,30.32,789754.82569662,2023-08-22 10:00:00+00:00,26000,26047.48
2023-08-22,11,BTC-230825-26000-C,BTCUSDT,C,230825-26000,455.0,455.0,330.0,345.0,1.73,1.73,340.0,350.0,19.5,0.97,,0.3544277,345.0,0.34895033,0.53120527,0.00049659,9.1284202,-56.2120976,30.32,789837.30942408,2023-08-22 11:00:00+00:00,26000,26049.64
2023-08-22,12,BTC-230825-26000-C,BTCUSDT,C,230825-26000,455.0,455.0,330.0,345.0,1.73,1.73,350.0,365.0,19.5,0.94,,0.37616611,357.0,0.36789238,0.52830187,0.00047486,9.06446748,-59.72659219,30.32,790185.78951219,2023-08-22 12:00:00+00:00,26000,26044.94
2023-08-22,13,BTC-230825-26000-C,BTCUSDT,C,230825-26000,455.0,455.0,330.0,365.0,13.48,13.48,340.0,360.0,7.88,4.45,,0.3993845,350.0,0.38827598,0.50711484,0.00045519,9.00221894,-63.55146688,42.07,1093999.99950006,2023-08-22 13:00:00+00:00,26000,25998.93
2023-08-22,14,BTC-230825-26000-C,BTCUSDT,C,230825-26000,455.0,455.0,325.0,325.0,21.17,21.17,315.0,325.0,3.01,3.09,,0.36747277,320.0,0.3618753,0.5029796,0.00049235,8.93237536,-59.6749322,41.67,1083204.63478674,2023-08-22 14:00:00+00:00,26000,25994.21
2023-08-22,15,BTC-230825-26000-C,BTCUSDT,C,230825-26000,455.0,455.0,325.0,325.0,21.17,21.17,285.0,300.0,17.57,10.26,,0.37112534,292.0,0.36263257,0.47696524,0.00049533,8.83102754,-60.04508129,41.67,1081283.81721446,2023-08-22 15:00:00+00:00,26000,25936.61
2023-08-22,16,BTC-230825-26000-C,BTCUSDT,C,230825-26000,455.0,455.0,285.0,285.0,21.18,21.18,320.0,335.0,7.88,0.97,,0.36978483,327.0,0.36125839,0.51564809,0.00050009,8.79602676,-60.52617968,41.67,1084074.31974056,2023-08-22 16:00:00+00:00,26000,26020.01
2023-08-22,17,BTC-230825-26000-C,BTCUSDT,C,230825-26000,455.0,455.0,270.0,270.0,21.4,21.4,260.0,275.0,7.88,1.06,,0.40542781,267.0,0.3966397,0.4295512,0.00045558,8.53436144,-65.51712457,41.89,1082082.31756049,2023-08-22 17:00:00+00:00,26000,25832.42
2023-08-22,18,BTC-230825-26000-C,BTCUSDT,C,230825-26000,455.0,455.0,270.0,280.0,22.78,22.78,270.0,290.0,22.88,8.98,,0.38794458,279.0,0.37629068,0.46003515,0.00048797,8.58080954,-63.518635,43.27,1120962.1156253,2023-08-22 18:00:00+00:00,26000,25905.6
2023-08-22,19,BTC-230825-26000-C,BTCUSDT,C,230825-26000,455.0,455.0,270.0,280.0,22.78,22.78,230.0,235.0,15.0,7.88,,0.39005816,232.0,0.38702875,0.40169819,0.00046838,8.25208449,-63.87558383,43.27,1115588.59976797,2023-08-22 19:00:00+00:00,26000,25779.99
2023-08-22,20,BTC-230825-26000-C,BTCUSDT,C,230825-26000,455.0,455.0,245.0,245.0,30.66,30.66,245.0,265.0,21.92,7.88,,0.38484156,254.0,0.37289858,0.43999811,0.00049823,8.37334512,-63.50631442,51.15,1323089.71475292,2023-08-22 20:00:00+00:00,26000,25864.01
2023-08-22,21,BTC-230825-26000-C,BTCUSDT,C,230825-26000,455.0,455.0,155.0,155.0,31.17,31.17,185.0,190.0,0.1,8.96,,0.39357126,187.0,0.39033413,0.34839026,0.00045359,7.72289345,-62.36885076,51.66,1323665.57672308,2023-08-22 21:00:00+00:00,26000,25669.29
2023-08-22,22,BTC-230825-26000-C,BTCUSDT,C,230825-26000,435.0,435.0,155.0,190.0,33.26,33.26,230.0,245.0,15.0,1.17,,0.39874494,237.0,0.38949162,0.41266104,0.00048018,8.10525333,-66.46132306,54.66,1410912.97989881,2023-08-22 22:00:00+00:00,26000,25807.99
2023-08-22,23,BTC-230825-26000-C,BTCUSDT,C,230825-26000,435.0,435.0,155.0,190.0,33.26,33.26,325.0,340.0,5.81,0.95,,0.37649632,332.0,0.36743939,0.5337071,0.00051935,8.28065087,-65.19904725,54.66,1423831.53452992,2023-08-22 23:00:00+00:00,26000,26056.0
2023-08-23,0,BTC-230825-26000-C,BTCUSDT,C,230825-26000,370.0,375.0,155.0,360.0,32.68,32.68,315.0,320.0,5.81,0.99,,0.36163151,317.0,0.35858661,0.52940166,0.00053765,8.21045392,-64.23586829,54.66,1423660.87519762,2023-08-23 00:00:00+00:00,26000,26040.38
2023-08-23,1,BTC-230825-26000-C,BTCUSDT,C,230825-26000,370.0,375.0,155.0,310.0,32.7,32.7,315.0,325.0,5.81,0.97,,0.3662473,319.0,0.36009818,0.53351431,0.00053973,8.1311582,-65.06667187,54.68,1424491.4413013,2023-08-23 01:00:00+00:00,26000,26049.41
2023-08-23,2,BTC-230825-26000-C,BTCUSDT,C,230825-26000,335.0,375.0,155.0,310.0,32.65,32.65,300.0,305.0,5.81,2.39,,0.34887552,302.0,0.3457728,0.5312168,0.00056777,8.05741984,-63.07974428,54.68,1424197.22083981,2023-08-23 02:00:00+00:00,26000,26044.42
2023-08-23,3,BTC-230825-26000-C,BTCUSDT,C,230825-26000,335.0,375.0,155.0,310.0,32.65,32.65,270.0,285.0,0.67,4.91,,0.35292089,277.0,0.34353584,0.50867113,0.00057945,7.99151892,-63.35442699,54.68,1422053.75282224,2023-08-23 03:00:00+00:00,26000,26006.32
2023-08-23,4,BTC-230825-26000-C,BTCUSDT,C,230825-26000,335.0,375.0,155.0,275.0,32.87,32.87,290.0,305.0,0.82,12.32,,0.35178185,297.0,0.34228683,0.53518443,0.00058407,7.89910246,-63.61750532,54.46,1418923.76706148,2023-08-23 04:00:00+00:00,26000,26050.01
2023-08-23,5,BTC-230825-26000-C,BTCUSDT,C,230825-26000,330.0,375.0,155.0,275.0,32.86,32.86,275.0,295.0,8.86,13.24,,0.34622192,284.0,0.3334403,0.53279175,0.00060597,7.82365391,-62.60896902,54.46,1418096.71715359,2023-08-23 05:00:00+00:00,26000,26042.01
2023-08-23,6,BTC-230825-26000-C,BTCUSDT,C,230825-26000,375.0,375.0,155.0,295.0,32.79,32.79,280.0,290.0,5.81,2.38,,0.33170283,284.0,0.32523364,0.5440457,0.00062546,7.72881881,-61.55896193,54.46,1419943.90459984,2023-08-23 06:00:00+00:00,26000,26064.0
2023-08-23,7,BTC-230825-26000-C,BTCUSDT,C,230825-26000,355.0,365.0,155.0,285.0,32.78,32.78,280.0,290.0,5.81,2.38,,0.33928514,284.0,0.33275455,0.53999721,0.00061846,7.65606751,-63.68941432,54.49,1419789.74542094,2023-08-23 07:00:00+00:00,26000,26057.13
2023-08-23,8,BTC-230825-26000-C,BTCUSDT,C,230825-26000,355.0,365.0,155.0,260.0,32.9,32.9,250.0,265.0,0.96,12.35,,0.3231138,257.0,0.31322896,0.52977587,0.00066594,7.5875183,-60.67956907,54.49,1418558.79835722,2023-08-23 08:00:00+00:00,26000,26037.99
2023-08-23,9,BTC-230825-26000-C,BTCUSDT,C,230825-26000,355.0,365.0,155.0,260.0,32.9,32.9,250.0,265.0,5.81,3.5,,0.32387853,257.0,0.31388313,0.53254735,0.00067127,7.50338987,-61.43930201,54.49,1419086.35137581,2023-08-23 09:00:00+00:00,26000,26042.01
2023-08-23,10,BTC-230825-26000-C,BTCUSDT,C,230825-26000,360.0,365.0,155.0,260.0,32.86,32.86,205.0,225.0,26.88,8.68,,0.32448649,214.0,0.31100422,0.48181736,0.00068851,7.41717132,-61.5135294,54.49,1414970.83544603,2023-08-23 10:00:00+00:00,26000,25965.99
2023-08-23,11,BTC-230825-26000-C,BTCUSDT,C,230825-26000,360.0,365.0,155.0,260.0,32.86,32.86,200.0,210.0,5.81,7.64,,0.32570541,204.0,0.31885862,0.46326382,0.00067769,7.30292183,-63.50686099,54.49,1413487.61165812,2023-08-23 11:00:00+00:00,26000,25939.49
2023-08-23,12,BTC-230825-26000-C,BTCUSDT,C,230825-26000,360.0,365.0,155.0,195.0,32.87,32.87,160.0,170.0,5.81,6.15,,0.33111036,164.0,0.32396257,0.39995223,0.00065859,6.99528455,-63.24267117,54.49,1408255.75131444,2023-08-23 12:00:00+00:00,26000,25844.01
2023-08-23,13,BTC-230825-26000-C,BTCUSDT,C,230825-26000,340.0,360.0,155.0,195.0,21.12,21.12,230.0,250.0,20.81,5.45,,0.33488393,239.0,0.3209576,0.51724361,0.00068929,7.18061372,-65.84735173,54.49,1417582.18785957,2023-08-23 13:00:00+00:00,26000,26018.22
2023-08-23,14,BTC-230825-26000-C,BTCUSDT,C,230825-26000,285.0,360.0,155.0,280.0,13.69,13.69,250.0,270.0,8.3,9.09,,0.34754276,259.0,0.33342123,0.53477177,0.00066895,7.08145493,-69.10511464,54.29,1414607.59977341,2023-08-23 14:00:00+00:00,26000,26041.99
2023-08-23,15,BTC-230825-26000-C,BTCUSDT,C,230825-26000,285.0,360.0,155.0,300.0,13.79,13.79,315.0,325.0,1.69,1.69,,0.35045624,319.0,0.34313709,0.59864633,0.00063787,6.83136023,-70.32230279,54.19,1416538.82781418,2023-08-23 15:00:00+00:00,26000,26144.0
2023-08-23,16,BTC-230825-26000-C,BTCUSDT,C,230825-26000,270.0,555.0,155.0,510.0,16.7,16.7,485.0,510.0,2.48,6.17,,0.3783083,497.0,0.35628319,0.7430122,0.00051374,5.67915496,-62.2576315,54.49,1438303.75720925,2023-08-23 16:00:00+00:00,26000,26396.0
2023-08-23,17,BTC-230825-26000-C,BTCUSDT,C,230825-26000,275.0,640.0,155.0,595.0,22.67,22.67,585.0,670.0,1.5,1.5,,0.47801733,624.0,0.39216161,0.79187413,0.00041817,5.01178177,-62.06570619,54.16,1437971.00844239,2023-08-23 17:00:00+00:00,26000,26539.34
2023-08-23,18,BTC-230825-26000-C,BTCUSDT,C,230825-26000,245.0,640.0,155.0,535.0,21.32,21.32,535.0,595.0,14.99,5.88,,0.4541862,563.0,0.39822638,0.75706924,0.00045688,5.38217708,-69.51271808,54.19,1434187.26125673,2023-08-23 18:00:00+00:00,26000,26462.97
2023-08-23,19,BTC-230825-26000-C,BTCUSDT,C,230825-26000,245.0,735.0,155.0,705.0,21.42,21.42,675.0,705.0,15.0,4.96,,0.41101933,689.0,0.37371278,0.84699944,0.0003702,4.03432542,-50.25557761,54.14,1442802.07013183,2023-08-23 19:00:00+00:00,26000,26632.0
2023-08-23,20,BTC-230825-26000-C,BTCUSDT,C,230825-26000,180.0,735.0,155.0,620.0,13.59,13.59,605.0,995.0,5.08,5.08,,0.98788738,769.0,0.60944319,0.72793544,0.00032396,5.57950781,-116.58397841,54.19,1441158.47961673,2023-08-23 20:00:00+00:00,26000,26593.59
2023-08-23,21,BTC-230825-26000-C,BTCUSDT,C,230825-26000,190.0,735.0,190.0,620.0,13.08,13.08,420.0,450.0,20.35,6.69,,0.39957047,434.0,0.37307143,0.70424881,0.0005647,5.66412821,-74.5802527,54.19,1424577.47441873,2023-08-23 21:00:00+00:00,26000,26320.02
2023-08-23,22,BTC-230825-26000-C,BTCUSDT,C,230825-26000,360.0,735.0,195.0,520.0,11.79,11.79,520.0,560.0,5.83,7.33,,0.42867899,539.0,0.38800478,0.77011418,0.00048185,4.92892615,-69.54293845,55.9,1478728.30972935,2023-08-23 22:00:00+00:00,26000,26456.0
2023-08-23,23,BTC-230825-26000-C,BTCUSDT,C,230825-26000,360.0,735.0,195.0,500.0,11.85,11.85,495.0,540.0,15.0,5.75,,0.42531967,516.0,0.37892699,0.76877836,0.00050305,4.86574459,-69.1404735,55.88,1477203.80140229,2023-08-23 23:00:00+00:00,26000,26432.72
2023-08-24,0,BTC-230825-26000-C,BTCUSDT,C,230825-26000,310.0,735.0,195.0,575.0,13.34,13.34,545.0,595.0,5.21,5.21,,0.42047024,568.0,0.3588748,0.82298179,0.00045873,4.09536254,-56.89197038,57.39,1520436.05847909,2023-08-24 00:00:00+00:00,26000,26513.66
2023-08-24,1,BTC-230825-26000-C,BTCUSDT,C,230825-26000,275.0,735.0,195.0,500.0,13.4,13.4,430.0,450.0,2.39,7.59,,0.38471103,439.0,0.3648001,0.737649,0.0005793,5.02488441,-73.32245365,57.47,1514487.17412615,2023-08-24 01:00:00+00:00,26000,26348.01
2023-08-24,2,BTC-230825-26000-C,BTCUSDT,C,230825-26000,275.0,735.0,195.0,500.0,13.4,13.4,445.0,470.0,2.39,9.78,,0.39295435,457.0,0.36672711,0.7549946,0.00056486,4.77079015,-72.39564184,57.47,1515878.26590135,2023-08-24 02:00:00+00:00,26000,26374.5
2023-08-24,3,BTC-230825-26000-C,BTCUSDT,C,230825-26000,275.0,735.0,195.0,500.0,13.4,13.4,475.0,520.0,15.0,6.82,,0.39768457,496.0,0.34146428,0.81177702,0.00052852,4.03346274,-59.02584827,57.47,1519741.94019519,2023-08-24 03:00:00+00:00,26000,26442.01
2023-08-24,4,BTC-230825-26000-C,BTCUSDT,C,230825-26000,295.0,735.0,195.0,500.0,13.18,13.18,485.0,520.0,15.0,6.53,,0.37989616,501.0,0.33263206,0.82933257,0.00051925,3.72619216,-55.0861441,57.47,1520728.65156293,2023-08-24 04:00:00+00:00,26000,26456.13
2023-08-24,5,BTC-230825-26000-C,BTCUSDT,C,230825-26000,295.0,735.0,195.0,475.0,13.21,13.21,450.0,490.0,0.02,5.18,,0.3889513,468.0,0.33752561,0.8092664,0.00055995,3.91478916,-60.98434465,57.5,1518923.01029405,2023-08-24 05:00:00+00:00,26000,26421.67
2023-08-24,6,BTC-230825-26000-C,BTCUSDT,C,230825-26000,285.0,735.0,195.0,475.0,13.24,13.24,475.0,515.0,16.52,5.11,,0.40101051,493.0,0.34580231,0.8243003,0.00052895,3.65120336,-60.60386485,57.5,1521220.02029405,2023-08-24 06:00:00+00:00,26000,26447.35
2023-08-24,7,BTC-230825-26000-C,BTCUSDT,C,230825-26000,280.0,735.0,195.0,475.0,13.21,13.21,500.0,540.0,0.02,4.88,,0.41322708,518.0,0.35360336,0.83898197,0.00049858,3.38592756,-59.86307573,57.5,1522393.70102735,2023-08-24 07:00:00+00:00,26000,26477.38
2023-08-24,8,BTC-230825-26000-C,BTCUSDT,C,230825-26000,195.0,735.0,195.0,530.0,13.23,13.23,490.0,530.0,0.03,0.01,,0.3858757,506.0,0.31287909,0.87488402,0.00048521,2.79496967,-45.62488658,57.63,1525324.7031001,2023-08-24 08:00:00+00:00,26000,26494.87
2023-08-24,9,BTC-230825-26000-C,BTCUSDT,C,230825-26000,195.0,735.0,195.0,485.0,13.31,13.31,475.0,500.0,5.81,4.95,,0.40233612,486.0,0.36598563,0.82228676,0.00053676,3.44899204,-68.85085054,57.66,1524524.09541754,2023-08-24 09:00:00+00:00,26000,26440.75
2023-08-24,10,BTC-230825-26000-C,BTCUSDT,C,230825-26000,195.0,735.0,195.0,500.0,14.44,14.44,495.0,530.0,5.82,4.77,,0.41501522,510.0,0.35574436,0.85305324,0.00049869,2.98117117,-60.6011891,56.67,1500205.15645706,2023-08-24 10:00:00+00:00,26000,26475.98
2023-08-24,11,BTC-230825-26000-C,BTCUSDT,C,230825-26000,195.0,735.0,195.0,595.0,14.49,14.49,480.0,525.0,5.78,1.5,,0.47806025,501.0,0.41228294,0.80852743,0.00052336,3.44533596,-85.22601139,56.66,1499522.94536465,2023-08-24 11:00:00+00:00,26000,26444.02
2023-08-24,12,BTC-230825-26000-C,BTCUSDT,C,230825-26000,280.0,735.0,250.0,445.0,14.8,14.8,420.0,450.0,5.73,0.02,,0.40229797,434.0,0.35586834,0.81803969,0.00060401,3.24704518,-72.97918006,56.98,1503952.06043105,2023-08-24 12:00:00+00:00,26000,26390.08
2023-08-24,13,BTC-230825-26000-C,BTCUSDT,C,230825-26000,280.0,735.0,250.0,365.0,14.92,14.92,400.0,415.0,4.95,2.43,,0.3939724,407.0,0.37207961,0.79146849,0.00064569,3.42882783,-85.05181581,57.03,1503177.48140756,2023-08-24 13:00:00+00:00,26000,26356.52
2023-08-24,14,BTC-230825-26000-C,BTCUSDT,C,230825-26000,280.0,735.0,225.0,235.0,20.31,20.31,225.0,240.0,2.42,1.63,,0.37519097,232.0,0.35807014,0.62015855,0.00092391,4.38108569,-110.73249276,58.26,1522253.30516713,2023-08-24 14:00:00+00:00,26000,26116.05
2023-08-24,15,BTC-230825-26000-C,BTCUSDT,C,230825-26000,375.0,735.0,220.0,220.0,20.27,20.27,155.0,165.0,0.07,3.51,,0.37480235,160.0,0.36352217,0.50084233,0.00098771,4.43257392,-120.84831942,58.2,1513297.56494527,2023-08-24 15:00:00+00:00,26000,25996.34
2023-08-24,16,BTC-230825-26000-C,BTCUSDT,C,230825-26000,495.0,735.0,195.0,220.0,17.57,17.57,205.0,220.0,1.67,1.65,,0.36273837,212.0,0.34444988,0.6239,0.00101966,4.10150848,-113.01903454,58.2,1519521.23630756,2023-08-24 16:00:00+00:00,26000,26115.0
2023-08-24,17,BTC-230825-26000-C,BTCUSDT,C,230825-26000,620.0,735.0,145.0,155.0,11.48,11.48,170.0,180.0,1.81,1.81,,0.36326647,174.0,0.35108268,0.56282382,0.00107736,4.10384403,-123.49371294,58.22,1515717.73932726,2023-08-24 17:00:00+00:00,26000,26059.99
2023-08-24,18,BTC-230825-26000-C,BTCUSDT,C,230825-26000,695.0,735.0,145.0,150.0,15.82,15.82,145.0,150.0,1.75,1.94,,0.34902513,147.0,0.34275979,0.52640875,0.00115858,3.99021932,-126.24530824,62.59,1628633.96915251,2023-08-24 18:00:00+00:00,26000,26021.25
2023-08-24,19,BTC-230825-26000-C,BTCUSDT,C,230825-26000,620.0,620.0,130.0,130.0,16.11,16.11,125.0,130.0,2.38,2.06,,0.32735765,127.0,0.32084435,0.51336969,0.00129096,3.83817954,-123.14297226,62.6,1629355.13890126,2023-08-24 19:00:00+00:00,26000,26039.44
2023-08-24,20,BTC-230825-26000-C,BTCUSDT,C,230825-26000,520.0,595.0,105.0,105.0,18.14,18.14,90.0,130.0,2.0,1.89,,0.31045198,109.0,0.25559574,0.55305562,0.00167712,3.64734342,-101.69693608,65.03,1692022.43030799,2023-08-24 20:00:00+00:00,26000,26031.99
2023-08-24,21,BTC-230825-26000-C,BTCUSDT,C,230825-26000,520.0,595.0,105.0,105.0,18.14,18.14,100.0,160.0,0.06,1.6,,0.30017257,135.0,0.22508628,0.68660904,0.00178606,3.12526173,-84.41208095,65.03,1697018.90673853,2023-08-24 21:00:00+00:00,26000,26095.0
2023-08-24,22,BTC-230825-26000-C,BTCUSDT,C,230825-26000,520.0,595.0,105.0,105.0,16.43,16.43,80.0,170.0,0.01,1.49,,0.29486299,149.0,0.22243149,0.74272856,0.00173225,2.70096232,-80.10140503,65.03,1698603.70927697,2023-08-24 22:00:00+00:00,26000,26119.71
2023-08-24,23,BTC-230825-26000-C,BTCUSDT,C,230825-26000,595.0,595.0,80.0,145.0,16.6,16.6,125.0,240.0,5.77,0.01,,0.41606665,206.0,0.28303332,0.79111713,0.001283,2.27300815,-96.49720716,64.98,1701072.11067065,2023-08-24 23:00:00+00:00,26000,26180.05
2023-08-25,0,BTC-230825-26000-C,BTCUSDT,C,230825-26000,525.0,595.0,80.0,165.0,15.16,15.16,35.0,195.0,1.38,1.38,,0.3797543,166.0,0.26487715,0.7637662,0.0015746,2.27730961,-103.4028598,64.93,1697520.20190547,2023-08-25 00:00:00+00:00,26000,26138.63
2023-08-25,1,BTC-230825-26000-C,BTCUSDT,C,230825-26000,475.0,595.0,80.0,145.0,15.16,15.16,160.0,170.0,0.05,0.05,,0.2709353,164.0,0.2435708,0.81381657,0.00160776,1.8339302,-89.33423526,64.94,1697645.79575679,2023-08-25 01:00:00+00:00,26000,26148.76
2023-08-25,2,BTC-230825-26000-C,BTCUSDT,C,230825-26000,475.0,595.0,80.0,170.0,15.26,15.26,80.0,160.0,1.37,0.01,,0.30950069,145.0,0.22975035,0.82199104,0.00181659,1.62680838,-89.69736658,64.89,1695817.46160028,2023-08-25 02:00:00+00:00,26000,26130.96
2023-08-25,3,BTC-230825-26000-C,BTCUSDT,C,230825-26000,475.0,595.0,80.0,140.0,16.88,16.88,60.0,185.0,1.42,1.42,,0.56311488,143.0,0.35655744,0.70422318,0.00173672,1.9271585,-206.12849659,65.48,1709270.87277948,2023-08-25 03:00:00+00:00,26000,26106.0
2023-08-25,4,BTC-230825-26000-C,BTCUSDT,C,230825-26000,475.0,595.0,80.0,85.0,17.69,17.69,90.0,95.0,0.52,4.84,,0.41963816,92.0,0.40649354,0.55702902,0.00201665,1.90195649,-309.22458177,65.48,1704256.02627232,2023-08-25 04:00:00+00:00,26000,26026.08
2023-08-25,5,BTC-230825-26000-C,BTCUSDT,C,230825-26000,450.0,595.0,75.0,75.0,18.88,18.88,25.0,85.0,1.58,0.6,,0.3174746,73.0,0.2337373,0.7412077,0.00351565,1.27422488,-178.67551468,66.35,1729063.80003841,2023-08-25 05:00:00+00:00,26000,26059.99
2023-08-25,6,BTC-230825-26000-C,BTCUSDT,C,230825-26000,500.0,595.0,30.0,40.0,20.01,20.01,35.0,45.0,1.94,0.44,,0.32030523,39.0,0.27395427,0.5919191,0.00509824,1.07956495,-354.80316103,66.35,1726727.85714806,2023-08-25 06:00:00+00:00,26000,26015.37
2023-08-25,7,BTC-230825-26000-C,BTCUSDT,C,230825-26000,500.0,595.0,30.0,30.0,20.83,20.83,25.0,55.0,0.01,3.0,,9.9999994,13.0,1.4,0.98244,0.00668339,0.0020078,-12143.18834404,66.56,1728990.96868593,2023-08-25 07:00:00+00:00,26000,25980.5
2023-08-25,8,BTC-230825-26000-C,BTCUSDT,C,230825-26000,500.0,595.0,30.0,30.0,20.83,20.83,25.0,55.0,0.01,3.0,,9.9999994,13.0,1.4,0.98244,0.00668339,0.0020078,-12143.18834404,0.0,0.0,2023-08-25 08:00:00+00:00,26000,26093.51
